17
6312 6891 664 4243 8377 7962 6635 4970 7809 5867 9559 3579 8269 2282 4618 2290 1554
4105 8726 9862 2408 5082 1619 1209 5410 7736 9172 1650 5797 7114 5181 3351 9053 7816
7254 8542 4268 1021 8990 231 1529 6535 19 8087 5459 3997 5329 1032 3131 9299 3633
3910 2335 8897 7340 1495 1319 5244 8323 8017 1787 4939 9032 4770 2045 8970 5452 8853
3330 9883 8966 9628 4713 7291 1502 9770 6307 5195 9432 3967 4757 3013 3103 3060 541
4261 7808 1132 1472 2134 2451 634 1315 8858 6411 8595 4516 8550 3859 3526 9664 6872
9498 4510 7383 8072 5856 1350 5314 1890 7970 9619 5494 3120 3982 266 4441 1920 3613
6096 2794 5449 6982 1019 1649 2398 3585 742 9403 8753 9866 1213 438 2039 3089 9935
9437 1962 6410 1500 6065 1902 597 9921 355 3189 3031 2030 7852 3451 1001 374 8917
6974 1663 4259 1147 3619 1180 4933 5740 7145 2955 1001 8252 7654 646 9773 1654 6411
3267 4263 5875 7705 9336 2776 3333 952 2593 2654 5609 8675 4108 1921 9778 7247 2865
217 7728 6716 9325 8333 5103 5852 6368 4112 2514 9185 204 7504 1296 5504 749 8919
4602 2210 3935 7895 5771 9997 4717 5886 9672 2169 5084 6358 6790 1323 25 9742 3151
5479 2623 3923 3656 7343 6204 9309 6790 517 6591 9298 6853 767 2715 7297 1047 4248
2584 7314 8644 7984 9199 9896 2 638 8104 5341 5113 7650 817 6802 3081 8988 1368
2139 242 6584 6841 5181 56 3499 235 39 8657 1603 3121 1949 9968 3253 4955 4588
2986 1642 7793 6500 1333 358 4501 7422 1897 4203 2186 8534 5687 1886 2531 4562 305
