10000
8709 3882
8573 7169
3061 6603
7879 8681
5676 4188
6834 6341
9043 9196
8801 4084
8390 9106
2025 4905
1981 6130
6399 3240
9202 7048
1873 6115
9583 6102
4624 2661
5420 1114
5175 9998
3433 4946
6586 1180
1984 2206
7300 8532
4022 3424
874 9798
3042 771
8868 7206
4215 2782
1071 6692
9404 317
7062 9276
3122 4771
8834 5128
8772 4948
5242 9671
9831 8804
6078 1223
5996 3794
991 7772
9882 1648
3249 9000
512 8632
4843 4923
4640 4929
7142 2512
5276 8500
1499 6253
2807 7500
2541 8187
9714 9015
7827 8160
9896 9344
8693 1116
7909 7649
2087 9783
1816 3579
4837 354
3300 7074
2672 6170
5651 8349
1068 2470
6033 6995
6028 9551
6159 9110
9942 5594
14 1160
9280 7144
1346 7452
3226 5671
6269 4195
5081 8249
8687 4973
8191 834
1612 158
8046 2346
4112 5718
4988 5318
7805 2385
1037 8123
9870 4612
8212 2776
3921 7769
2495 2645
3243 6015
8422 4784
8525 556
7691 1971
9335 3023
9013 2868
5193 9556
6018 9262
6846 7473
1013 6987
5646 1133
3902 8686
5853 1293
8690 7664
8164 5544
4811 489
1607 1381
4735 4844
5763 9777
2292 1436
261 2593
8903 3935
2652 7924
764 5827
6755 78
1233 7036
2008 2269
5783 2440
451 2174
6370 4129
5171 5511
7523 5530
9185 1295
2334 8666
8515 9346
521 1752
2354 7909
6388 4102
3927 2221
6101 6731
4336 2463
2098 9984
6786 8426
4835 1610
5165 8078
7664 5727
8650 9848
8024 1519
4919 533
8153 5667
4228 6718
2324 1840
2813 4054
3127 5186
284 3580
494 7224
9643 8589
5483 4985
860 1907
3344 9561
3286 4924
7605 1188
1675 9255
8578 7981
1836 756
5813 1179
3444 3644
4800 7529
1449 9498
3125 7358
3418 2515
5527 7165
6350 3649
5162 1618
6611 1107
2359 9687
965 5950
3557 9729
7132 5758
6398 2125
9157 4358
8767 2746
523 6727
5257 6824
2954 2419
2964 4797
3173 6197
9582 9939
5180 5943
645 2685
6049 1353
926 6437
9672 4011
5094 1679
5947 2091
6839 3184
3319 7422
4129 2156
5735 793
1739 1827
7775 8247
6685 8170
3675 6090
1940 9207
5313 1222
9484 6652
9538 1695
4592 2510
4783 5008
2485 8802
2827 4629
5134 7871
5547 5719
3882 251
9184 8380
6317 9765
1503 9338
9925 8773
2157 6319
9267 1601
4901 7494
7850 8599
1865 8767
9654 5348
4387 5515
9099 2944
4006 4693
4733 5879
7144 8523
5463 4886
1871 6779
1576 8325
9967 5599
6103 1204
5564 5709
9363 2424
2854 2734
680 3753
4831 5345
7858 4835
7861 6618
2570 8512
4444 596
4746 7907
1668 2378
5818 7117
6878 7493
9895 2322
9921 6932
4675 8777
8300 8894
4874 8570
7855 3435
5836 6723
837 8297
8425 1404
5572 9982
4974 6992
1905 2461
9723 6226
7030 8125
3458 9441
4430 4498
4130 502
3138 5234
9246 457
6283 3278
650 9898
6522 6845
5260 1714
9374 3956
2151 8938
2580 3018
6008 9451
5901 9410
2607 2914
222 6840
772 4492
6150 3267
3247 8796
7842 1823
7367 2418
9728 951
2142 9354
2514 296
4638 5349
6438 4036
9747 3033
3465 6983
1377 7782
7564 1529
4546 6632
7036 8271
5414 3824
3055 3694
2943 6673
6007 7467
5554 605
7346 5021
9880 9937
4662 7608
5182 8240
7202 8783
9423 9492
5945 2554
3764 1872
4623 2847
4290 4444
3827 8149
9460 2109
903 8661
5219 1326
2301 8481
704 770
8321 5920
2218 3808
1519 3814
4814 8774
7410 4538
8034 1982
9391 7258
2796 1145
8418 156
5614 2784
1776 1890
2658 7784
5736 4162
4038 8640
7388 2289
6828 9096
709 3631
8831 1459
706 4666
2727 2051
1249 7301
5597 9319
5759 6846
2901 54
6211 319
265 5812
1015 8735
687 8867
7619 700
7776 759
456 6488
4296 6862
3563 8129
6914 4334
897 5539
1809 4859
2814 4295
1985 9168
674 3296
2401 2855
6477 4499
6568 1688
4698 931
2240 1659
4951 5035
5126 1713
412 6424
2362 3261
5671 8687
9595 7105
5025 5952
5986 8486
1309 6292
5619 3002
293 5126
8339 1302
1433 4752
5507 7887
5041 9975
6963 8593
4302 2687
4425 8368
711 1136
6743 5916
1035 2433
8632 6585
5571 8450
9106 125
1763 1584
8976 4847
7024 5184
9540 2395
9067 6478
3128 4998
3502 4633
9045 7333
5344 1286
5201 9528
9840 9682
198 9980
2175 8820
1046 1478
6767 7896
5957 5868
4160 631
5184 7469
1538 9380
3904 3465
8647 4731
206 2878
9505 5908
7290 8119
5322 7550
2442 4523
8616 9846
9274 191
3322 7737
5690 9289
553 5335
5883 3113
9817 8102
7431 5458
756 5781
4165 6343
6449 8361
3039 7112
5515 7471
1437 3039
2574 6162
4286 6045
8165 9973
4962 4379
8548 5500
2600 4977
6701 2473
4654 3940
3560 1588
5712 1944
3628 8081
4932 1534
2357 6949
6353 3920
2535 7605
7 9357
9805 9214
7786 6085
6693 6778
3876 5601
2899 4306
9195 2681
6843 8843
1108 2829
4625 3021
433 9117
8541 3392
5705 5029
5894 3051
5300 6947
3203 4060
1098 5842
563 6757
5896 8721
1287 3598
9171 2268
7371 5839
3420 8275
7270 6950
4906 5623
6202 4976
7320 3183
3014 5742
2764 1699
3165 675
9002 250
5297 7439
346 333
9355 6815
1597 8571
8352 5763
2505 2586
1929 129
2473 3926
3329 4273
1947 7415
7935 1351
9903 959
5456 7492
9402 8025
1611 1771
8348 3279
2053 5531
8009 9001
6096 9038
508 9358
9653 1123
193 9094
993 8949
5886 6291
1120 1033
1436 8757
4805 4564
6048 2903
2924 5319
3972 9731
6800 7214
6553 2160
2256 5506
4559 1001
1700 6280
5767 7231
6794 7302
8638 5390
609 5817
1686 7945
2747 4233
8539 7904
7808 2472
396 3601
9683 6515
4564 4741
4942 7681
6226 6938
4847 3946
3307 2745
2895 716
4202 1360
6482 7999
8044 9170
6434 1287
1660 6300
9111 1812
8949 7055
5841 8862
6092 1112
970 1423
2650 3786
4960 6693
679 3611
6272 8566
6280 3047
2889 5004
1410 2186
3195 957
4268 245
3326 8760
5187 4238
299 5725
5292 9478
2981 3905
4060 2123
9802 1550
9024 4049
6574 6634
4594 3320
6023 5686
6597 7803
8751 9275
9346 4759
1555 7154
608 7275
2337 8567
106 9589
163 1237
8853 9936
9337 100
3368 5385
6210 6142
9162 4062
8948 4551
103 2080
7114 220
9102 1341
9598 7156
8973 5832
4907 6361
5805 3188
4076 221
1105 6771
4616 5650
971 9321
6298 5085
4568 2964
9395 3762
4700 6600
282 8848
5000 7421
2171 2152
2849 2692
3010 5999
9300 4367
5758 3168
7456 7366
9369 9368
3735 3717
96 1233
5627 8677
4767 4417
5832 141
5584 337
1652 6940
8739 6407
4777 8031
8506 8871
6243 2336
4637 2561
8574 339
5982 9637
1289 4578
2729 5647
6873 7804
4307 13
9971 724
6940 1443
623 1375
3636 7237
9039 6235
3236 4990
43 8597
5802 2136
8105 3172
151 5698
9233 3024
7910 2442
9774 5765
9509 4257
9986 634
2966 5361
3773 2841
8517 784
8651 343
6577 6748
1864 2981
8909 495
4599 751
6926 9601
7349 2669
2209 22
6086 3263
8845 4706
6624 8967
6727 7068
5066 2044
5693 6230
6248 7659
6988 8128
8144 6592
1338 6575
6797 7724
5804 4989
3336 204
7669 294
9182 1514
4744 4248
301 5462
360 9955
4867 1470
8713 4739
9763 7037
7173 9025
9752 6001
1661 1489
7613 9929
4086 912
7203 6528
19 3883
7768 9585
1755 8831
6073 3693
7518 6026
6656 9361
1598 1718
7029 74
3095 8890
4341 2890
2104 9081
8554 2670
859 600
414 960
7416 8250
1374 9997
9076 9838
4279 5824
5452 750
6135 947
6515 6472
8061 6537
400 139
5840 6476
9787 353
2873 6116
4253 8772
9309 4075
4024 1644
9798 7540
8374 6185
7702 7704
9974 2398
6913 9619
5545 4926
967 3462
2969 6791
884 7630
6732 7869
5598 5251
2177 3576
27 30
7198 8586
2651 8272
6061 3147
1672 7276
3592 5707
4925 2835
9163 7049
1932 8990
3350 3542
7794 127
2377 7478
1643 1137
640 3412
3447 148
9795 8065
8906 7147
7099 7992
3787 5829
9919 516
7495 3361
2806 7362
3568 4781
2782 8930
9393 2373
479 2961
1152 8040
8013 5340
4205 1797
5218 3195
3549 1564
799 5602
3217 6926
1240 7381
5264 5969
7742 2233
3768 8771
8203 5942
3758 7706
109 475
370 4703
5279 6025
2058 6927
2080 1511
7396 2202
3742 9791
7792 7721
1243 1153
8163 5408
1969 8615
2860 920
8155 9618
2275 5359
807 20
985 5586
9425 5622
8372 5529
1271 9717
8078 3346
1315 8625
3933 1710
6091 9277
1394 6923
2696 6894
7912 9244
6391 2760
7952 4386
7789 5849
1886 795
6795 179
3484 5911
3154 7581
4525 9701
9217 6640
7843 8174
110 3336
2934 4168
186 3025
2985 3614
7946 7653
4542 1439
6799 8439
7282 3421
4306 1678
9777 1010
2391 1472
5357 272
7917 6218
6423 9566
5398 961
4685 3792
2781 8787
276 471
3937 4592
8500 6697
132 4598
5417 6333
9064 669
2872 7377
4794 857
5243 4455
6525 7847
2504 4931
6854 5020
9918 2909
1414 7435
9923 4383
9080 8049
857 2999
8119 3648
5528 9391
2467 874
6175 2394
7981 1680
7966 5835
9810 4389
3453 8008
6369 7714
7063 355
2371 4008
3451 5292
4331 7369
1047 1348
4414 9943
5856 2431
6695 3874
3013 855
5821 6285
8773 6602
9735 5025
5843 4940
3074 1419
1118 4601
9949 2001
8601 3723
6642 8471
4739 4709
5174 6440
7008 4038
287 290
7446 6864
6439 8374
3221 574
9784 4369
1587 5629
681 8312
9736 420
7479 5260
6110 983
21 2852
5422 8318
9988 930
3204 7386
8401 6255
9994 2273
2986 3656
3392 101
6722 7974
111 8619
1887 5302
3857 4031
9816 5913
8021 1473
3026 4178
3000 9114
8692 613
4969 5436
5872 2702
4420 2341
4428 4635
2180 9900
2856 6881
9329 1897
8055 5545
4328 3638
964 2848
7228 6233
4101 113
3248 7003
3277 2781
4593 5851
4543 5062
726 394
6666 2727
4804 2951
1527 6948
2077 429
3806 8290
8213 1915
6413 9792
7316 9887
7796 9157
2288 1258
5959 5859
9117 755
7707 7414
9494 3272
9011 3505
3411 5606
2787 6770
2153 5309
5468 9022
5416 3390
6107 8154
208 1685
4421 7218
1113 7788
1564 1884
1415 8738
9881 9236
44 8580
1894 9210
3446 6741
3562 3624
1536 530
6803 4410
1277 1224
3809 4185
1362 6863
5442 5241
9051 1857
4124 1469
5950 2494
7697 4581
7157 5114
6699 1225
7397 7018
3699 4076
5328 905
2254 8432
9311 1117
8914 2726
5991 7872
3756 9377
6144 1425
8824 5056
6827 7766
4114 8544
2483 8743
7130 3333
3379 6211
3071 9707
2122 5435
221 4544
4207 8454
1493 4716
2804 7320
459 3442
1306 1099
7668 2104
1328 7343
7482 2555
5078 6432
5356 4123
6579 149
3029 5571
7333 671
3860 8446
9668 9413
1453 9135
1466 1804
4677 633
9128 7672
1953 2729
4663 5895
1467 8017
9265 8071
587 7786
555 3823
5185 4700
3137 2163
1718 1984
9863 8182
331 4071
2195 1983
1093 4169
5870 7770
7018 8574
8180 5516
1196 7183
8602 8612
629 3520
5864 3547
9612 5342
2758 4033
2944 7810
6203 8044
6716 270
5434 8753
7585 5605
5657 7615
415 9021
9640 1273
3408 6028
7793 5750
4615 8847
696 6696
7354 9962
9838 4438
4325 5447
7022 2222
7250 453
4715 8086
1627 702
6599 4678
7017 8888
5795 7497
8455 9452
958 6887
6051 4337
5762 4133
1458 365
4617 2037
882 850
3289 3042
1968 965
6000 8184
702 9030
3689 8177
4926 8338
1593 2070
2715 5991
4826 7573
974 6535
2837 4449
6855 1879
6342 2990
3481 6765
9897 900
3694 877
3304 3780
1310 4521
4089 704
5255 4329
1358 2627
2553 4040
45 9088
5349 7016
7561 8350
2640 3974
4630 192
8556 977
5874 4758
3591 7836
9719 1044
658 4841
5362 6571
4397 4297
9675 8337
181 4172
1994 4413
2000 620
7146 4659
3960 9921
9057 1839
1589 4939
4748 4511
1717 8624
2771 9381
3269 5847
8614 7283
5116 5322
4574 7638
3817 1561
3155 832
9421 9205
2935 3688
4529 4311
518 5391
4557 3789
7640 3208
6518 7746
9383 1198
4354 9831
1344 4485
3583 2242
4803 6083
8350 4183
3254 7589
6418 1352
1311 2787
7466 1947
3624 1524
227 6801
876 4343
1400 7321
4142 3383
8000 6060
8370 2479
8208 7230
2420 3180
8509 8072
529 8006
3091 8304
7000 1169
6742 8378
6881 492
2811 4250
3240 9485
852 3768
5110 5240
8322 3125
7352 1065
88 1542
1455 5493
8625 5220
1082 8316
2765 5522
5058 9730
9948 9337
6550 7539
9601 7775
9436 9090
4479 1837
4311 2948
6239 5018
3759 1359
3030 3777
7586 8307
4326 9947
161 2287
9985 2131
6184 9278
8274 9801
7016 3449
3585 1807
7894 7220
7119 8395
1273 3384
1173 9156
4273 3937
5234 3145
8536 5150
8579 9042
8069 7170
1044 3979
4891 5384
8514 5443
1145 4955
8141 9424
2388 4282
2692 6492
7773 342
3531 1690
943 6324
5087 3497
6235 7164
4322 796
4521 583
1999 5299
4494 987
5376 2724
3713 2881
6129 799
5568 7976
269 6151
6602 7331
3351 1614
5621 9497
8257 6052
3983 7818
2457 979
6692 2132
9694 4001
9418 3410
1398 356
3979 4947
6994 9143
4552 9375
2484 8482
3919 8188
2093 8644
537 5022
224 8092
7331 4022
3693 1253
3850 6418
385 542
212 348
6287 7123
1355 1978
2215 7485
9065 9991
1703 6385
6433 2671
9301 6495
8443 4897
695 1050
2160 5946
6041 4854
4355 6047
4013 2622
6870 5123
738 9882
3410 9320
3305 8812
5539 7000
5253 6482
2078 8761
2978 6084
5437 4596
8865 9213
9682 3173
9914 1782
5492 31
5027 7090
91 8394
930 5102
8680 1241
6951 4988
7475 3063
850 3597
3098 9134
1778 6986
9792 3040
6022 6190
7567 2177
277 6206
6225 2967
136 3943
1375 7610
5591 7287
8888 9315
5128 7572
79 3993
2406 6936
4686 4726
7584 2270
6890 8560
3920 9624
1923 2349
3868 3280
16 3313
6763 8274
5343 5931
1210 1048
6822 9895
8286 3539
1869 6532
8911 9878
9012 3472
8423 1030
7696 7304
2031 6421
803 2719
7757 4891
1632 440
1976 768
3027 9940
8838 637
6481 6747
3391 1205
7274 4243
9290 6320
6996 4882
2193 8289
7651 4833
2562 8306
2917 1154
7201 9680
3874 231
4712 6347
3958 607
5895 4364
4687 2812
7769 7748
1531 8023
1102 3342
9104 6068
4009 3037
6039 9642
9378 2004
576 8865
1881 8628
6456 6714
4299 7033
5068 8433
5956 7107
5476 4045
3613 4030
4075 5144
6634 3543
6868 8929
1348 9371
9865 8054
3558 616
3830 5558
5140 5672
7698 2339
2848 8352
7772 6388
490 9379
7680 6531
7797 2383
2410 6611
4298 5109
627 3908
8042 4644
4788 3622
8981 8546
1863 9062
4357 4769
1155 2188
6115 2923
5150 3510
637 9177
118 4504
4775 9605
3367 6825
8825 8916
8705 1772
9201 1757
4982 8007
3460 6247
6498 5398
9800 5813
947 1328
6450 4393
7045 9718
3168 1240
3846 1882
3298 4981
6414 8856
7790 2772
8169 5867
4855 1296
8785 5996
7937 5546
9025 9364
1927 7030
2579 5081
1084 826
7534 4476
1059 5887
2346 7553
741 9462
1756 9104
5231 1177
8938 1591
4753 184
6719 6754
364 4822
4162 9768
3374 2046
1511 5149
2990 528
3146 7524
2581 4625
1775 5011
3996 3620
8591 9141
5925 3419
3062 6234
5997 7152
5990 1314
5543 500
5639 8650
2795 8181
3780 2196
6363 8234
6371 5941
927 5115
9884 9908
183 6589
3550 8530
5080 9775
4068 7130
7101 902
9357 7163
375 2792
6314 6391
7591 9513
2717 6016
6360 1247
54 4987
4694 6839
6060 5065
4396 4423
9075 4617
8458 7838
1840 3950
3196 839
2139 4876
367 2236
5635 9433
6457 3749
6004 4795
3783 1523
6790 4010
5666 997
6911 5497
1207 4958
9121 9696
8998 3101
7375 9911
8534 8548
3335 643
4466 3711
6934 5293
8412 6796
6050 7695
2004 2524
2458 2816
2965 3746
1452 7768
9809 3515
7971 1181
468 3341
4934 5346
2189 5310
3441 6389
6785 4215
9551 9558
5154 802
5999 6020
1023 830
7540 8688
8730 3595
7170 4672
5390 6969
4293 8673
4255 8980
6241 3651
9146 338
1004 5583
9168 1318
9400 4761
348 8431
1144 4437
3402 1975
1219 7710
9230 7463
9211 2508
1119 9611
9570 6526
5023 3544
1126 3945
3179 1547
7091 1516
8459 4247
5793 9833
1789 9483
4515 7367
8270 7254
4922 5566
3554 6970
4674 2753
6905 4301
8779 6565
4570 2007
271 2496
2022 5674
9737 1756
3293 8014
1136 2073
9207 9549
9576 8522
2115 5717
9027 2023
6600 4165
4378 9461
3835 8359
2931 446
5102 2568
7453 9828
2726 3691
2287 7213
4486 8545
7587 2245
2423 8660
1815 4166
5782 6999
8859 5341
7307 382
123 8415
6997 4968
6942 2111
2159 2358
6537 5890
6916 6616
9992 7430
6307 1649
4545 8816
7799 164
4434 3265
1016 5644
3775 7861
6401 7885
9193 7703
761 9640
1921 2278
1378 5071
2040 662
4012 35
5868 748
4504 62
9667 6635
6954 5289
8239 8018
1189 1132
4344 2181
8091 6438
3556 6549
4418 7690
1629 5523
6604 3167
6813 5774
4487 7657
9098 4890
4661 5142
5656 121
622 7952
2828 2411
7538 3081
7505 9629
4973 3939
2250 9369
191 8370
5708 8215
6487 1828
8768 5560
2375 5001
2515 5444
9399 2026
114 8083
6966 3501
3799 9977
5579 9454
7151 9071
4797 4556
1001 1504
9943 6873
3016 8909
9890 3500
1970 5496
9604 7601
3036 3980
4465 3959
2750 548
7490 7448
5622 9051
2767 1955
7025 9852
8095 9784
4039 9026
149 2932
1317 9416
3631 9056
7049 5967
1262 3781
3739 3899
253 6802
2660 2887
0 9428
2255 6468
4473 7713
7693 226
4972 9506
2655 815
4303 4394
8018 3418
6967 8742
4690 349
7393 120
4005 424
4909 730
2543 7903
7673 6878
8086 8315
5921 3202
6102 3366
8589 1076
6957 919
5315 6274
310 1301
3006 5596
8025 254
7630 3119
3661 9658
9386 4690
2091 7332
7745 3839
7574 2552
9221 8695
2042 9390
584 4646
2940 5621
6950 2958
5556 8146
4447 5225
2803 288
7343 460
5413 361
1698 6859
185 2119
6080 9876
2076 6077
5485 4111
9119 8405
2231 3029
4823 1477
1618 1999
1959 8171
5327 9550
4004 2474
6583 780
4565 5461
6674 1243
7256 6273
9841 4877
3828 9132
9356 7151
9081 9310
571 6065
2434 132
9827 3866
9716 2490
351 3760
7893 908
4631 311
7944 9291
6752 7559
3954 6835
8527 9163
3094 7481
8340 6674
2879 5078
2675 1387
6141 4513
5760 3315
2851 2530
4560 2283
5326 9484
1797 2146
8661 1741
5608 7641
2297 6711
3158 2565
6676 3653
7409 3321
3825 7459
9565 881
1479 6454
295 8000
9824 8243
3442 8565
3396 981
6625 4497
7914 2570
3495 1586
6395 39
8135 8842
8542 3540
1911 1333
5318 1784
3308 3386
7175 4114
6133 4450
2192 9719
4991 4527
3507 2426
483 9643
2110 6831
5106 7949
7905 1475
3864 7951
4469 6737
5668 3936
473 6031
7549 2542
4658 7335
871 4896
7800 2332
1936 540
9932 6920
9557 6567
7200 5874
9153 9456
9052 7384
8264 119
9006 8875
8139 2120
8457 5415
3262 6465
4195 4763
7377 2169
5281 3560
6161 8002
634 9888
2688 8521
493 4805
7289 8447
192 3783
1628 4774
4524 7754
8377 8904
7930 8717
2478 7100
3670 8211
2798 8887
4619 672
3019 8622
9496 2527
2332 4359
1914 456
411 9120
4916 6850
778 5860
808 4595
9536 9829
5967 2912
167 5518
4413 4548
4217 636
1590 567
9214 3836
8505 5679
889 2612
3682 5628
6809 8094
1257 9111
4500 6436
7498 9733
3649 8199
3722 6143
8733 2849
469 8226
9237 1134
1544 3476
7835 6946
541 1495
3210 8104
3662 9662
2983 7844
1572 676
4944 3949
714 933
8930 5388
4736 886
4759 9248
5935 9017
70 6961
1454 4856
4866 212
3711 9732
3668 2343
7733 6934
234 5124
9278 8400
2900 7062
188 8037
112 7628
6352 8993
126 4619
3343 9927
7723 1056
7662 6610
7053 6608
48 3452
6467 709
9905 8195
8635 4817
249 1729
572 1363
2817 7840
1143 2041
5433 860
8293 5343
7565 5486
7852 6078
2118 6954
8631 4365
4846 7355
4035 9077
7425 9603
745 8036
9317 6493
1288 9523
4388 4046
5628 7598
6365 8268
900 2716
7616 8355
5227 9554
6348 929
3963 5326
8289 2867
1404 7877
7674 9816
8805 1965
5208 2068
7891 2660
3491 8045
3906 6129
7184 536
7596 9584
5600 3131
2154 3521
229 2982
7739 5720
2469 1355
2432 5437
1810 2930
5479 4194
1487 5909
7589 7584
1543 3739
5530 619
3202 3404
7780 3985
3674 2533
9331 3312
7507 9577
3574 4827
6216 3563
4641 1761
9308 2707
314 5016
5724 1848
7968 3250
3647 3043
7046 9748
1656 592
2816 2592
5541 2155
436 736
2293 2112
1856 7399
834 6730
2147 8765
7607 5244
2244 3201
3932 3581
1086 9542
377 6444
1938 9499
3063 9651
7148 7446
4161 6588
4223 4994
4528 9024
7458 884
8641 8811
8508 8710
2538 3627
5179 982
4332 8472
1566 6204
7731 2956
8783 5764
8149 9200
9613 5044
4965 2293
394 2618
7406 3506
2503 610
5448 7308
2620 8818
2319 7015
9781 7456
5774 3052
6282 9058
601 2718
849 5276
1565 1372
2628 5740
2708 2808
5397 1020
2352 4345
3917 3489
9965 8292
8385 6797
9054 7342
4995 7217
6199 4384
5970 7964
6010 4191
3428 1277
9845 3466
7340 2598
175 8698
5396 3387
4886 2032
3038 2363
4621 9569
2436 7785
2844 944
250 2011
6094 1817
8979 5347
2663 3635
9556 1968
7915 6899
7123 6463
259 5267
8080 3362
9101 186
4449 7305
1682 1930
3542 8768
2948 4085
3069 8219
7667 479
2196 7416
3480 6504
3781 9540
3398 1354
950 7926
8915 5442
113 5108
2221 2415
7207 390
7529 4073
2017 4072
5212 1780
9507 7472
2486 5968
5582 9031
8565 6118
4935 7454
242 142
5891 1317
3007 268
6764 9994
6908 6487
7252 3235
1814 3640
2064 464
2329 3999
6979 3877
2411 4800
800 4874
6083 4227
6883 5802
6806 6359
6147 4637
2956 8931
9804 2749
3986 3709
8231 5906
3311 7072
8104 6055
6178 8110
1125 7215
326 9326
893 8427
6341 3474
8717 4110
7122 3297
4424 5783
6756 5525
3925 3896
892 7050
4721 3207
5037 1310
2308 7360
9390 9251
6460 666
9063 852
6042 5754
2416 889
6705 219
6389 7585
8005 1350
6631 1064
2971 2894
9980 4846
3852 9175
7637 1546
600 5547
8301 4216
626 4057
6375 897
9616 6473
6029 1563
1322 7873
9287 7937
2958 9012
7355 1338
1942 8882
6758 5365
413 7395
5192 4711
8160 4241
67 1927
7141 6154
1831 2558
3149 3098
9566 2917
209 3982
7941 2578
5449 8684
2904 5512
3908 3721
5001 433
5017 4681
460 6622
3477 8630
8823 3815
1825 9666
11 7200
823 6756
6118 86
9103 3938
9254 3629
2476 996
812 8062
4737 2024
4952 4582
4300 7212
6859 7209
2716 3912
7604 1109
6036 6509
5371 5254
3416 3319
1535 6251
928 3477
3360 4522
9655 5406
8610 3409
8234 6508
1711 5283
9530 1235
2960 7767
463 5164
4026 8401
3156 368
1489 4373
1248 7919
1112 3090
1694 8834
9066 6966
6777 9796
2421 1836
7676 1948
7483 4648
2039 4740
9593 2777
9414 2978
9491 3973
9415 4270
2216 345
5630 2297
1384 5301
5985 7739
895 4961
4893 9870
7675 1831
8965 1908
727 5024
2075 360
3995 9335
4966 5814
6019 3268
3215 6568
4074 5060
8893 5019
7579 4895
3883 1173
624 5800
6576 6181
2825 9241
9720 9924
1750 5957
3272 7654
7309 2176
4807 8870
7976 7845
3938 6245
7543 9555
9839 7967
9281 4491
8233 1420
5247 4103
2812 2228
6347 945
9888 6423
8766 1388
8429 2534
5040 331
5248 966
380 7405
7039 4912
8299 5475
3666 4015
3807 7792
7435 4732
3239 4852
5942 3340
7771 9317
6026 9264
6729 1657
540 7921
5534 8381
8795 1383
6020 9324
9691 9476
6455 8435
3671 4867
3044 7698
5294 3857
816 7577
5882 2029
3611 4376
1680 8728
5382 2723
1052 7918
765 4478
4364 2587
6718 8228
382 3904
2190 5425
2831 6630
7335 1943
5655 3914
8955 5420
2665 1733
3540 6503
1061 2831
552 4530
7960 6625
4707 2536
8586 4346
2753 9897
3700 4277
1567 5695
5453 8841
9522 1245
10 6080
4131 6659
3947 2997
8892 8320
453 4537
3457 8763
7441 2209
5155 6249
5775 3484
6720 3490
7634 4388
6807 5252
8408 9609
2988 8554
8884 5845
4321 6733
3106 1452
5984 7054
9909 6651
5091 5217
9586 1600
5469 2047
642 9014
1180 5177
7644 8572
8399 4317
8470 2673
4324 5072
9548 686
9917 6834
7806 7859
7348 2295
6452 2390
6555 3775
401 1850
9755 5538
9170 4005
4603 2003
4915 8116
7403 4701
4280 5373
9874 5780
972 3667
50 681
2556 9307
4407 880
6959 9804
4092 8399
2015 4963
3119 3206
1089 3430
8642 3683
9125 5233
6982 414
4741 8747
9019 3628
1913 4126
6043 4970
9892 2393
9022 122
402 2178
3896 2185
3785 73
5662 6997
1736 4440
8882 4628
1740 2911
3951 106
3520 2629
3005 3175
4064 1803
1135 6198
2908 5958
7048 7932
4963 651
3716 7119
5467 3555
482 5739
782 8642
154 4760
6810 3805
2785 2572
2705 8133
7164 1914
959 7323
1448 1641
8103 9845
4905 8365
2597 2170
8010 3433
1617 5418
3468 4965
1557 7542
5776 3989
4077 1027
6681 1502
1957 8518
840 5620
1122 2583
6346 5376
4532 7063
783 9331
75 2980
3231 9283
275 45
30 903
5489 2553
8927 5296
718 9969
4270 6688
5399 1858
1833 88
3338 7886
2206 642
3529 9288
1658 5660
1802 3283
5910 3732
5324 7661
838 8864
3767 1211
2711 9807
7854 1101
117 5237
4045 4766
2707 229
95 7197
8364 3610
2558 9920
9021 8925
3190 3854
7746 6690
6876 3686
9794 8692
3306 7851
168 2521
6174 4743
9127 5778
969 2543
1209 304
3430 1877
2741 7257
7041 5666
4422 9650
3388 2252
2207 4442
8369 6905
4786 5328
2246 873
8695 7142
7869 2566
3200 9813
7898 3848
940 404
8194 7590
3655 1886
526 7568
9776 8425
5980 810
404 1684
5461 332
2560 2256
8048 831
2102 5777
76 9414
2138 5918
2132 4146
3515 3401
2235 7341
6653 1554
4261 409
4443 3423
4485 3776
7650 1929
8543 683
953 486
3936 1259
7594 6030
4119 2002
8491 8233
677 1016
791 8091
1828 6981
1730 2027
33 1672
5100 7966
4468 3156
7190 5527
4813 3343
1523 3388
6958 2739
9785 1945
5567 4156
7156 238
5504 4016
1811 3249
6930 7982
881 2549
8130 8392
3564 717
2444 7923
438 1344
9078 8828
9693 9060
4868 6149
6938 2053
9773 6014
7361 980
4604 1340
8518 4048
3281 6539
7700 7611
4514 5465
1962 9079
1115 4738
3121 8402
388 1164
9448 415
754 4014
1641 7189
9937 4878
3325 6183
272 1972
6224 705
5148 6871
9659 6857
9518 6321
4235 8409
9519 8109
8688 4296
7992 1199
2566 6789
7233 561
7021 3199
9746 8800
2959 1268
8247 1401
9721 569
6306 1833
5160 4884
5142 6409
4274 9595
3132 6336
5672 3027
1488 5945
9453 5645
8821 2006
8276 9596
5494 9119
9605 3166
7519 3663
5173 3487
3903 7915
4683 924
3894 6552
2041 379
7083 4964
8725 954
7559 5395
6128 3246
2018 6956
4582 5329
9725 2905
7284 3952
8452 378
1017 3885
4725 1127
8913 6921
1895 918
7672 7651
7635 4638
3105 1026
6853 5271
4107 3873
8006 3680
2453 9742
1332 4470
3684 9231
4218 5053
1081 3496
2818 340
3393 4676
9001 9359
4601 7357
6181 9080
7447 9044
3246 4268
719 1022
8832 5166
4967 6706
4890 7533
7484 2220
723 3619
2892 8452
8245 2355
9990 7571
6757 7922
3879 4101
1679 2805
9922 9370
7462 193
7003 8844
5634 6874
9070 7328
9109 7579
8891 8004
3536 8172
3663 838
4681 8585
2253 7561
582 8022
3330 494
6780 8413
1553 8356
9696 5557
6975 4099
1577 3061
8603 1015
4211 4645
8302 8173
2426 5288
9812 6494
1294 6416
1258 8833
8719 8019
386 7668
3092 7622
4436 1214
7918 4077
1002 1577
6259 1900
1402 664
3859 3650
9506 9491
9908 1538
6694 4532
6093 6099
5847 5966
5011 5503
9993 5105
1080 6739
9498 8416
2751 9868
2479 3975
5958 6586
5353 6725
7432 801
5875 2632
8284 2106
1341 5642
7738 9480
3637 9892
5936 5791
2396 6373
9413 4039
9600 8047
3028 6516
4050 352
8449 6751
5866 1723
8434 5370
2506 18
7182 6554
3804 3032
2740 5052
7372 1186
4673 5358
7699 3036
8639 5396
2439 7272
4260 3345
7368 7482
2685 293
9579 6007
3493 321
5289 5317
7044 7669
6941 5965
8941 152
7255 7160
3893 6843
8176 1969
439 3564
7227 7053
2853 526
4620 249
3348 9297
535 144
3384 7457
3052 9502
8347 4429
9259 7279
1578 9683
2511 199
7926 9477
9748 1722
7412 8197
3229 4971
5885 8202
8282 5736
9199 8288
1605 8236
305 9118
2859 2913
6644 6485
6968 7299
8084 1021
8575 8436
6038 854
9239 2455
1573 1437
9297 9490
6313 2099
7133 3008
5149 6267
8375 4810
1677 3719
1050 7936
1948 9188
4448 4362
8762 302
8829 4721
2054 1454
625 5379
1766 9992
8925 2281
6640 8739
7979 1339
1366 463
6882 6260
9372 6853
2106 9138
4679 4261
9651 6039
1950 6683
2575 4870
4696 8375
4883 5619
9412 7950
5961 3879
6046 1852
9405 3130
3271 1734
1545 5387
6258 8958
6512 9282
462 325
7943 8712
5889 554
9148 3714
7463 2134
491 5064
6746 552
391 2255
998 9228
9610 9232
8857 1392
8201 7391
8615 4242
7811 3137
2167 6838
4742 4130
7576 1994
5794 3220
7186 9789
7756 8676
7688 5535
3643 4258
6587 1642
5109 3242
4526 4951
1359 8387
6608 8724
8263 9932
877 1894
8714 4336
2594 2005
856 7179
4510 7120
1337 7388
7857 7371
5576 7913
1417 853
3333 140
9788 5711
8027 6392
8120 6147
8561 6168
9062 1138
545 3091
524 3853
2528 3538
2525 6529
8952 3773
3734 1976
2317 289
5314 2590
813 421
1779 2050
6573 1544
6446 2596
2384 1571
2088 4589
4002 8489
5370 4773
9212 8889
6316 7996
8473 9660
4576 1892
538 3380
6684 4411
9537 2538
4534 9996
330 3110
7774 3977
3369 4910
7957 4746
5423 3798
8359 587
9703 8176
6612 7575
6380 677
5472 8791
6723 4969
7629 2860
7671 2675
7059 264
5466 218
6469 4489
2366 4662
3646 3825
6536 3311
1324 3222
2387 2544
2005 6768
532 7221
4798 470
6774 5136
7283 2704
3805 3257
5740 1991
5339 181
6865 3757
1244 7927
8689 3927
2414 6988
5151 2364
8152 4412
1798 4213
9559 1896
1182 5588
4895 1172
9563 7268
6122 5521
4544 1719
3934 3314
6379 1856
5524 872
6538 6288
6190 6944
8115 410
3136 2478
2774 3178
6387 3675
9807 3662
7728 1748
8421 8108
3275 8217
3152 2540
421 1809
7076 5157
5169 6056
9055 6544
1424 9050
9806 6937
8454 8674
4666 3729
3708 6138
2331 3502
5653 2616
3946 6574
4216 175
9366 4972
6415 5726
9277 8729
7089 6109
263 3533
7515 5211
5542 7986
5016 1421
1457 4697
5495 9817
9318 3251
7265 1738
1861 1515
8283 2172
317 4289
2186 1460
3845 9459
2149 7496
3176 7222
8011 2556
8151 7264
7908 5808
4978 1215
5791 5070
4768 6441
4896 2954
8929 1595
100 8311
707 6647
6157 7944
9710 8939
3415 9442
5747 703
3073 6429
7378 6428
4818 9938
2230 3309
7880 7269
8474 8502
5681 5307
1069 6510
8649 9767
9210 9957
6186 9352
8272 2603
9220 1835
9149 3004
710 6059
1162 8383
4571 7455
7149 9960
8254 6076
7749 5625
3223 1009
1971 7727
4885 7109
5226 691
3644 9123
5960 1721
3140 6904
9826 4405
5742 5675
628 6654
9166 1356
3546 8573
3100 9130
846 3511
2630 9457
7670 6413
946 9620
8811 926
8496 6248
9791 4553
9457 6269
4550 1862
2687 8027
7436 6762
842 2088
9968 3699
973 6064
2967 4725
8001 29
4314 5899
5177 1928
8904 9670
6902 9249
9609 159
2536 7566
2374 3270
2649 3427
4403 1158
5319 9481
7833 60
7279 5246
7752 1453
8178 8609
7192 776
4596 103
2148 5893
5641 324
290 7604
233 4858
3673 9048
4520 487
9648 4772
7718 7178
1696 5767
9031 767
9649 93
9298 8114
2567 8982
730 7319
2351 5702
101 6628
5867 6174
8253 9736
9439 1786
5536 3951
2830 6100
1525 273
9452 4837
3854 123
1818 9173
4776 1140
9528 2089
1300 7895
7112 9884
3798 4377
6117 6869
9000 9069
166 5790
9299 7280
1083 1274
9053 3326
5538 1603
8879 7277
148 787
5431 1737
4781 412
9324 6286
5756 3752
6336 1143
1526 303
8928 48
24 5649
1284 2162
8481 5751
3102 5210
5988 8633
3907 3604
7652 4167
6861 8163
9253 2926
643 98
4033 9305
9018 2365
4578 775
7339 7025
9328 2049
3991 9590
7888 5308
9476 1481
4911 6207
1631 8130
7734 797
9699 3273
3953 9341
1409 2388
8963 9950
8440 3049
4329 7841
7552 6182
1773 707
8740 8369
2300 2682
6969 9402
5426 4069
1915 7188
6872 3161
7781 6318
8316 1449
5624 4956
384 2015
2616 9855
4415 9592
7638 4468
3872 6788
3342 7219
2263 7005
1533 5294
5345 8490
6058 7955
3413 8279
5881 1125
1007 1480
129 3072
7334 5987
8703 5152
4649 7538
6005 5885
5589 2751
6856 8913
1584 9787
313 5626
5107 1054
207 1280
828 9008
3 9043
758 4081
6829 6294
1904 4546
3602 7693
5267 259
5510 1217
2593 33
4100 9471
7471 1349
3924 7514
8211 82
7319 8719
595 723
7832 1798
7071 5882
4554 3350
8516 701
3324 6353
4381 649
8478 3109
1171 5046
7577 5615
2141 6719
9510 8945
2341 1594
205 5054
8776 1104
7359 4459
8704 1565
3032 7645
6658 71
6659 6057
4269 4793
2894 8859
8944 9835
1958 1305
9358 2077
4431 4142
5852 5886
8064 8708
3831 6713
4766 3900
5570 4737
995 6134
1036 2899
2694 5034
1521 3810
7919 9343
6713 7972
3354 4893
3672 6128
737 7236
8510 2514
9578 2769
3596 1081
3871 9422
8349 8143
9258 8901
6475 4453
2333 9131
9449 151
6849 4933
8030 5206
6368 3100
1695 3356
8183 6538
5602 316
182 3285
5814 5286
9959 6896
2205 2484
2456 8797
5482 9646
3880 320
5500 871
2864 6870
6311 7088
9370 9234
7100 2839
9852 1456
7405 7689
9783 2372
7054 9907
5817 3894
8684 3834
9637 5833
4613 6880
374 2551
5405 38
8665 3212
9920 6629
9661 3262
1747 9514
6378 2079
667 2567
8993 6144
5897 4424
2462 4562
5826 7702
1336 2010
3714 42
214 177
8735 1379
3087 9486
3808 5095
1534 4228
7385 7633
7911 9133
5675 9299
4346 5769
2836 1901
573 3190
4938 3304
9698 7735
8074 7407
1746 5772
6473 1061
4294 7850
9835 8734
5823 7805
9403 7828
5188 7780
2174 5673
4795 1587
8102 8629
8812 4604
1045 6799
4834 9673
1216 1411
145 5533
1391 4542
6660 7866
9898 5834
9495 61
6562 892
4553 5826
9260 4501
5678 9366
2584 5753
449 4641
7327 6199
3479 5524
6725 5014
9866 5394
2721 7317
5427 5981
9112 1161
6222 1126
7795 1979
8519 846
8596 549
1166 5086
7649 3556
4369 8881
9535 4826
4104 7043
994 8696
5481 9150
5419 8784
6063 5871
1955 5336
8468 1500
142 4302
174 2712
7900 9841
2635 7285
2497 6315
990 7753
1935 5704
4135 8453
9417 9709
5820 5200
3135 8100
9231 5256
4477 2771
7070 8039
322 1311
8784 1509
1823 3123
8643 4324
8363 4487
1983 5448
4373 2975
4079 4695
105 8073
8866 1042
8883 3532
1635 8877
9842 2179
7050 766
780 6534
6335 7865
4295 512
2296 9455
1170 233
4132 3987
1586 4816
4688 5033
7660 5819
6325 8639
5409 9174
3376 2413
2014 6582
5347 9271
9352 7484
2577 7425
1369 6918
1899 2611
2191 9085
9320 6657
1053 9579
4964 7462
258 5580
8456 4139
1697 2519
988 9564
547 3305
8221 2016
6305 7802
9596 729
3051 1051
7950 5806
7932 7827
1422 2589
7703 6536
4291 2933
8146 3368
5878 4326
5929 1434
6285 2900
8546 1869
7566 6935
7033 4580
3969 1513
2021 6451
644 2906
6044 527
7991 8786
2755 7906
180 4809
3581 8703
9482 1151
4103 5472
4749 5160
8197 6259
8551 8212
4513 5971
5733 3079
4799 9979
796 1616
8943 6189
8844 6804
6315 6403
1837 1635
8439 9688
5710 7135
8852 7082
9504 6018
8619 1759
699 6125
8410 8456
1168 2305
4722 1174
6560 4669
4163 3181
1542 4272
6987 3374
8557 7059
5143 4315
3760 2324
7541 904
9516 7839
1259 4089
7247 3872
5526 713
9026 2822
196 4148
6980 6691
7658 384
7215 1043
6698 4021
2037 2910
8970 4621
3448 9902
3054 9260
6077 1779
1960 1911
6838 2288
1393 6384
3466 3495
2470 6833
8277 3385
8400 6074
826 9740
4519 4186
9662 3573
7987 4028
9935 8839
7501 7876
7568 8269
8487 1409
1445 2904
4750 2362
3241 7260
5525 2646
5258 5324
3639 1521
1978 5614
3161 8080
5372 117
1003 5766
3107 4462
7810 5597
2408 8423
7982 1366
3159 3144
6610 1794
4284 9839
1556 4406
567 3708
7166 8792
7095 6922
1917 418
7765 217
6244 2360
7623 840
2260 7599
3654 7914
2518 9266
4586 2190
861 3106
3956 9149
4356 525
283 3831
7323 6685
586 804
1293 1992
6089 9743
4699 6139
5615 2464
4618 3405
8249 4254
8902 1365
5926 5417
7210 1917
9270 5236
1440 1018
1012 8449
4691 4299
2563 5654
4943 1560
390 7111
6169 7354
7492 1937
5367 8477
3186 6998
2368 1393
7145 964
1350 7771
3049 2359
9341 4234
8789 2882
931 9035
8138 7890
1282 9148
7801 1402
3321 4066
8769 5498
6324 4500
9271 2866
1848 7195
2383 2194
2501 5208
4440 2600
2772 7145
4930 1552
3050 6387
6170 7040
3437 2577
1379 1889
7748 2725
4065 9532
951 8575
7217 9005
9769 8179
836 4840
4713 4675
1901 1252
1644 5180
7189 3846
7933 4058
9514 5320
1048 5023
2627 8254
4349 4873
7439 5612
3034 8241
1720 3957
2794 3480
5204 7868
8931 3124
9131 36
8608 5457
779 3364
9732 6005
6776 9758
3312 2404
2719 1510
9176 5761
4445 2121
5992 6694
3526 2807
5146 4144
2081 4575
1204 4630
3120 5924
7572 2115
2605 8117
4116 2737
7450 8725
4063 1611
1532 9574
5915 5215
8710 2927
9954 9681
2097 781
3901 7925
2932 2828
2090 7897
6230 2451
6516 3550
7460 8336
6917 1271
2870 9330
2233 9985
7098 6298
8918 1724
241 5075
829 3417
5995 2389
8242 3559
9056 7349
2461 8442
6246 5681
7750 5096
1744 2425
6557 6410
3118 4982
3815 2280
2228 2901
7844 4518
1734 4151
6664 8317
8833 758
9962 3855
6955 8718
3790 72
1292 3838
9907 8332
8437 6480
2769 1193
4139 1967
3589 9243
827 5101
8341 1503
1683 9295
2007 6344
6759 6394
1473 4980
9801 385
8599 3584
5696 4079
7802 2731
3018 9562
1762 8074
9200 5738
6220 6550
4530 2532
4453 4798
8085 7849
6131 4007
6561 5853
8466 5209
5754 7205
7315 1677
937 800
2996 8144
6922 8884
9397 1593
8056 4757
9940 9
3945 8793
4729 419
7271 185
1179 9250
4810 1385
4258 1703
6442 4193
1832 4997
362 2884
8607 1017
5245 87
7081 6984
3358 2879
7474 9529
669 8157
690 4474
3824 5762
9137 9294
7078 8709
4053 383
4622 5559
9745 9427
1609 4256
2241 7519
603 2918
9033 1744
4474 7934
410 1801
7610 941
5113 547
9038 1405
5979 622
9910 3439
8137 8876
700 2197
5537 1069
1554 6865
4757 1993
7222 3763
831 545
2403 9020
4727 7035
4760 9958
5529 1490
8317 7058
6055 4244
2698 5489
3829 8324
894 5745
6053 6277
5115 4335
7829 1487
4460 2323
9225 7042
4186 2480
8 3770
7223 5392
8051 9725
536 7789
2044 5994
7864 4647
2510 7783
5047 531
7452 3370
7360 3577
1522 5927
6400 8033
1425 585
7951 1727
2797 721
6901 4898
3943 6964
1026 7684
7415 2741
6943 785
4209 647
9738 1963
2089 9404
9446 1304
2248 4488
670 4615
9741 9259
4635 4104
2974 111
983 1207
6309 958
8334 7010
7106 241
9349 8960
4158 2698
339 5591
393 7515
3134 3850
8526 2971
7219 9355
3984 6195
9432 6187
2496 7330
5302 7052
7347 95
2249 499
6489 1953
3588 2802
343 3298
8501 9102
2530 7434
9485 8977
3145 1082
5807 5712
7643 5371
8672 3132
6332 7518
2424 8389
1878 3569
2480 2308
8532 9162
3710 1407
5147 393
7390 2164
1295 7663
3786 2602
7655 4788
6366 3468
5014 4552
6784 1063
6132 1952
2035 6916
9373 5203
3214 9296
2220 478
7295 2075
845 5633
8053 256
7261 7006
4719 8015
1505 7537
8235 875
1987 7593
7877 7956
8436 2467
133 2420
9191 2507
6012 8150
1274 3171
8890 1289
9542 9548
8039 8203
8528 6963
7451 7975
6541 9526
8273 8766
256 9347
8843 1483
3452 8559
4948 477
6667 8470
2686 5561
5022 7250
1603 488
53 5692
1548 8964
2367 8363
2322 8528
901 5775
5933 8005
8874 8740
3685 9617
6506 1933
2573 7555
8088 8193
2661 6900
18 6564
4137 4027
6428 9154
5665 27
9196 7346
9868 7363
262 1096
9279 4
6179 9195
7454 2130
9087 5701
7929 1670
1844 3513
3189 1347
4085 7077
3971 1821
3653 9565
3292 990
2273 7133
1569 8984
8035 867
6737 6464
8122 247
171 4380
7639 6094
3079 4954
89 4515
3504 7433
6458 1749
5559 8205
2730 3596
2208 8645
4010 7618
5873 4479
8266 6889
5803 5429
5632 8029
7329 6908
7242 3702
9060 5050
3498 3750
6852 9760
2445 7733
487 312
2595 7007
2229 7882
1024 1910
7636 9692
46 9101
5603 8613
4508 7741
6493 2560
7153 265
2824 4820
5067 7687
2024 9059
5365 9677
6257 7667
3616 4140
8529 9489
8022 7517
5694 3720
2808 6781
350 2453
6766 4300
7031 8898
8052 9794
7626 7139
9513 663
6733 9769
1812 1131
6867 6033
8326 1394
5158 7987
9249 3616
6274 8922
8569 6682
2226 4433
7836 2212
4977 2401
2328 5492
9525 7019
1470 2187
6704 3196
7532 3192
7311 2495
5903 3562
7353 228
9068 4420
8921 3396
4206 4814
3381 1959
6770 6911
7684 5146
4221 2074
1197 928
1178 6898
3472 3360
2072 8549
2786 4409
1606 5337
9584 3170
376 1060
9339 3636
1006 496
8814 9678
9490 5696
7176 9367
4971 640
6154 4267
1749 5183
4833 6545
5266 7959
5706 8196
7001 8823
6715 116
4710 2072
9138 5570
6208 2779
336 4496
6877 2503
1066 8396
2085 3169
1237 3647
9978 3976
4664 2941
5904 4051
7998 9061
3337 6511
6652 5131
7055 6011
1447 6540
5596 8557
1592 7191
747 623
8460 5627
2878 2858
159 469
6630 3288
3419 2654
7502 2148
8167 7001
1821 3625
755 5590
2313 8506
3462 6075
6978 2747
9562 7948
1116 6220
6670 2435
7867 2203
9441 5281
9489 593
4888 9697
4166 279
2941 9933
3303 3517
6831 9265
7138 1623
5280 4458
6671 8697
5394 7671
1357 3003
3294 7692
8674 2960
8780 6817
8162 9916
9906 1156
968 8261
5259 5820
1484 4290
2161 7004
3212 8562
58 4824
5114 9664
6575 5258
9958 8088
8329 8694
2722 4871
6075 6805
7819 3163
4496 5002
7418 4957
3185 9247
1546 1384
7459 3771
3278 9269
5718 3870
1896 9206
5098 3229
1510 731
7430 3005
1461 7912
525 1604
7345 2432
7695 9877
9215 9027
7553 2633
7221 7442
1559 7705
4382 2940
6494 2193
933 515
3752 557
4470 3858
5176 8175
5015 6872
1430 4163
9139 5153
4873 6764
3097 9714
2199 5397
3535 6810
6251 5876
5913 7902
4080 7140
3887 9948
8485 7881
6572 4652
9524 2071
5932 7070
8079 6655
1388 248
2323 6912
4986 5133
2326 9083
769 67
5211 3963
5640 9312
2977 4117
2559 8511
7875 9257
3766 6486
8192 2893
9263 5127
3082 8443
562 4347
4983 358
989 2098
4745 2651
8489 7863
8182 925
5941 8155
7714 7418
6832 4832
9426 3548
9560 5689
3496 2135
5514 4086
5854 5040
2783 3889
5674 7385
3877 7449
3743 5207
9077 5464
3697 9867
5093 4333
3973 2
4248 3918
6351 2804
9754 5611
9086 7612
9072 8411
1654 7712
7429 1476
5844 684
467 9115
1666 3864
406 4201
5072 6627
4501 6390
8907 6885
7988 885
1610 5862
4081 1730
5861 4770
3970 6158
99 7274
8799 7759
5277 8822
6569 1811
3022 725
6233 9474
8817 2266
7598 5873
3088 9599
6108 9571
4237 4909
7209 3812
5439 8384
1034 6150
3897 1853
9837 3245
5237 90
4018 4850
1937 8896
1992 4354
5911 5979
9849 3087
945 741
2143 1758
5851 9978
8156 807
9262 2778
2690 2035
2999 9795
4723 1416
2466 7627
1624 3287
2114 6334
6768 9394
2532 4665
8129 4894
5501 5171
570 927
1580 3519
6998 7985
5380 3281
3612 6783
6528 7911
5092 1458
5810 8057
7705 7509
544 4996
3194 2803
1722 6308
5859 6676
6249 8503
3497 9873
8700 4526
8997 1665
8404 7583
9069 6671
1399 4170
4806 8770
1301 752
6892 4070
8861 9303
639 4293
2520 6400
7276 4451
1139 5504
9517 6774
7481 6431
4672 5641
8202 4679
7807 8469
2043 1139
3950 6590
7135 2347
6745 9755
2905 4900
4224 6434
176 3044
9657 99
7881 7616
4676 843
4317 3020
1529 6051
3801 4705
835 3445
9147 4651
8828 8224
5831 5757
6471 6355
1318 2327
1088 2082
1648 6141
5210 3617
3792 6034
184 3652
5779 7547
8147 6703
802 9504
4281 6435
8660 2979
6343 9409
1099 9263
2569 6760
615 8084
5499 1294
4784 6533
5834 9809
7535 2873
6649 2696
7531 5585
9900 1329
9558 4736
1860 3588
6682 891
5261 2261
5557 4034
8145 4507
480 1895
9451 6240
3519 8329
1961 5403
3645 5113
2348 2429
5546 8997
5030 8781
7704 8998
1049 4829
1234 7247
7840 6202
5153 1825
2336 3064
6619 3414
1561 2902
8124 3643
1777 1556
5785 9774
9319 4608
806 6411
3175 3035
4297 2683
3873 7282
7621 2423
7236 534
4338 1231
2930 2265
7647 387
4701 8974
8774 7512
3727 6702
4351 21
1268 4145
7717 6172
3740 6807
7633 3692
4247 3135
9603 7108
5101 1398
9545 550
7254 3841
7740 3713
5310 9582
3406 4631
4014 1539
9219 9098
8287 8706
8077 988
5573 1920
8291 511
5288 2931
361 7495
966 8357
7005 2817
955 7161
7417 5980
320 5743
6824 9208
2404 7278
5833 3751
7618 8373
1835 3407
8808 2230
6928 9568
4056 3453
794 7505
6564 8741
5549 733
5206 3678
8881 5375
9975 1535
3065 291
9588 5915
5669 6188
717 3687
817 710
5447 9311
6072 2667
8232 3126
7804 278
2641 6523
3750 5190
9803 6069
2957 5554
2950 7311
1975 7532
1193 6648
2970 9496
125 506
1014 6402
5470 8552
120 9800
9634 2826
7813 1321
651 4307
7812 403
232 5354
753 3793
2055 7892
1518 4667
8792 5005
17 7535
3915 7764
74 8858
8043 4391
8327 2974
1719 1874
4352 7483
1091 1781
618 8310
5436 975
7582 5901
8622 9759
8251 9764
457 1545
4772 6784
1296 5196
4950 1008
7404 2653
2013 5339
3820 7017
9392 9543
9041 9869
9177 9129
215 8542
6581 242
6632 2229
4598 2246
6176 7204
6252 4704
2225 6040
3976 7738
9079 8700
5064 5197
1175 8702
2897 8342
9631 5350
5797 711
7724 2897
3659 5174
424 1100
2626 9222
4633 4614
5987 2157
1285 4813
8752 7874
8190 3698
1459 6708
1662 2924
4380 4264
638 8278
899 4782
5164 614
5172 3953
3762 864
8947 5997
6256 9328
51 7777
9569 2457
5879 2345
9388 2303
7116 7752
26 4408
8214 2659
5931 2785
2759 7174
1217 9505
3167 3446
6919 9198
1030 5540
6445 8099
1347 1078
8196 7747
1889 1053
2922 9726
2927 5084
766 7393
4903 7837
4953 5801
6463 8068
7961 6542
9620 9524
5732 5662
6937 1859
590 4020
4869 2780
1486 7232
8275 6364
4210 2522
5202 3226
3851 5838
8133 5015
8342 3673
9854 8807
9973 2087
7928 9112
5734 8326
8174 7066
4241 2386
6904 6037
7916 439
2989 8258
3878 7564
8737 9712
6645 2067
619 9378
3765 1498
6551 739
9677 5892
1005 7516
5183 1142
1471 3788
631 632
4185 436
160 6971
8846 6036
1892 989
2642 6171
3997 5840
392 1391
6753 5368
3085 4100
4093 2055
4231 7289
4149 8821
5120 474
4611 9700
5769 773
3317 8659
7467 3013
746 9487
992 4573
2063 7675
3009 4559
3832 2488
5749 7103
2105 9689
3510 1671
2011 7694
4337 937
5750 6569
9433 4249
2184 2885
3104 6776
8094 3393
4398 6875
4 4475
5069 5069
5435 8903
2980 6866
7581 4061
4927 3084
4602 1773
251 8429
9074 5280
1941 7067
1194 3705
1157 2575
6308 4694
6164 4360
2363 8921
9938 6048
8067 963
8267 6133
8290 7793
4136 7303
6294 9679
9916 8397
7508 7316
8019 3154
5687 1531
1000 2801
3291 1037
9130 2434
7606 1847
6116 9773
8031 5213
1325 6489
7778 2649
6171 911
2678 7779
36 9966
4854 6716
9858 3038
7023 1166
356 2799
6435 3514
1156 7081
9630 4457
2720 2217
4755 7643
3171 9734
3916 5528
3745 9091
5792 7795
3259 3397
3609 6583
6227 4908
7161 3009
3695 8204
3390 6433
7134 6264
3232 1232
5465 6876
7171 137
1018 6675
5273 972
671 7248
830 7548
921 1676
31 6279
7302 2460
5159 3503
4801 1336
788 3634
6242 2352
4502 1170
7330 3764
3412 2391
6850 1095
929 7348
5703 235
4034 2207
5307 9166
6567 2511
5920 7201
5751 8421
3985 544
9293 849
2197 8508
9134 8132
1663 3303
4947 3960
2710 5723
4094 956
8442 2407
851 5167
9283 3486
454 6991
4309 347
8480 5663
9044 4357
8189 55
4384 8924
4400 5470
7901 6281
3776 2708
9244 6396
7212 2257
7163 2328
5922 7957
4763 673
5311 1230
6459 7652
2305 6110
1407 4779
3974 2412
5616 6891
9151 8541
7363 428
9701 1257
5305 2348
3823 3818
56 8035
7736 1196
3640 8878
3103 9886
855 1272
472 5810
5768 6205
1183 1931
8148 2408
2290 4603
2415 5192
3774 1463
4362 8484
904 5861
2737 6736
9515 2853
4503 3133
8513 4253
890 3733
4929 2579
8827 5452
9189 4396
9984 1201
6416 8595
2274 4563
2657 3205
6792 7118
8057 9510
6921 5162
8681 2733
2016 7680
2389 3189
3315 1073
2621 1656
4481 5896
1757 6166
5291 2376
5229 6160
302 301
8950 459
3998 4602
2119 2989
5617 629
9360 1533
7239 7255
6453 9511
7921 3461
4046 4557
4566 9007
6556 3898
8204 1087
6995 108
3842 3293
1177 9458
2632 4624
4875 2081
997 197
3123 5714
7206 3460
9398 7546
2637 5450
9326 3233
7588 5846
3992 8798
2073 3919
6683 4220
373 7410
3763 5756
6047 1747
5531 5818
2152 1815
6874 1543
2928 3493
4533 3924
6113 2224
5430 4799
2210 509
7874 991
3357 2030
3440 2991
9499 5483
2991 7893
574 3344
9734 7318
9306 6042
1238 3482
3885 8221
1187 8837
3660 3089
1076 3603
4055 7065
9304 720
8358 5721
4345 7968
4488 8491
397 2963
9243 6994
7478 5509
8029 2019
8626 6393
3914 7984
6148 1068
7312 6501
9886 5729
2671 7716
5124 7889
3590 4748
3898 8034
3265 6302
9161 4785
2540 5582
3031 9745
2952 560
2057 8282
2555 1128
7433 747
611 4013
372 4361
3478 6945
5214 2845
1431 4404
9154 3157
4222 190
3931 8592
7546 4356
7820 8527
6510 582
7783 8869
1106 4815
7457 1075
636 4285
4084 6993
2310 6159
2684 2843
7009 5305
6151 8540
1225 4150
9422 940
3488 5338
516 9594
9428 3817
8582 3204
8736 7440
5133 9706
1174 7424
8362 4806
3382 1653
6703 2969
1342 1962
6781 1221
2588 7995
8076 3095
8121 8550
8959 4276
1147 8056
8220 6795
5306 6546
4918 8914
2124 1645
2386 4108
4734 8042
6869 1492
218 2219
3362 5579
3500 4372
4361 2056
4657 7962
6490 9652
3386 4812
9577 9655
868 9623
4538 5508
366 1732
4240 5616
4059 3978
4156 1867
9532 346
5251 577
9772 7757
1163 7009
9160 2594
9477 4280
9226 6312
9167 2200
8731 2796
3486 9981
6059 3761
7809 2092
2289 8618
7989 6221
2113 5122
6100 4864
1057 201
2071 535
3454 1003
3445 5858
8547 3193
915 3593
1649 1108
7599 3774
7004 1808
4670 7776
8397 568
337 761
4858 2342
4652 8752
5953 28
8855 2031
3733 438
3508 2078
6114 7375
6835 5042
427 2304
2264 1464
3930 1389
6899 2444
478 1666
2239 6559
8447 520
3169 2628
4569 9121
8995 5468
3064 5401
2695 5985
9730 162
5714 4187
9497 1006
4689 4237
4480 5796
304 3984
673 5637
5717 2609
9437 8010
6125 7122
6665 8905
5908 3114
1616 8451
6195 2638
6710 5655
8786 194
9832 8499
8594 9190
8365 1445
920 621
7010 2925
4023 4851
4754 5249
9743 1643
2850 9537
9471 9095
9004 9309
1485 7498
5974 9993
2272 3232
2045 559
231 2086
7241 3292
5271 4728
5478 4768
7015 3062
7413 5734
3147 9449
9644 5548
1829 5630
42 6351
844 4456
8325 4050
9953 4865
3400 6227
886 7578
9641 2657
1067 9028
5446 3969
7299 5956
321 329
3040 2381
8800 7929
3771 3337
3618 6670
5580 8136
3334 467
2712 1935
3538 4729
5644 8736
6953 2205
546 4418
2975 2569
8161 2620
6166 2581
7722 6712
8047 4205
4025 8371
2987 4917
9152 8537
6476 8041
5032 5381
1855 8504
4377 2643
6635 4127
1634 6484
4490 9983
5401 5519
1714 3820
8964 591
8125 1505
3840 2966
9740 8138
8250 7263
9387 1098
9523 7177
8154 8851
9218 4699
9371 4925
3273 9667
7407 9705
4785 1446
7040 4967
7160 7192
5377 7378
987 9972
4372 4119
5228 391
1141 754
5566 170
6606 7728
4464 3842
9873 3075
3086 906
8314 472
2460 4471
660 3498
6263 69
8826 3469
1397 6705
7154 6239
8355 4251
7205 2449
28 8498
9303 6398
8298 1288
9427 1669
5647 6952
1290 5710
1933 782
4720 9308
6302 726
1072 8038
633 2996
6976 5440
9853 5013
4052 9224
2101 6780
8100 1682
6796 7699
8028 5170
7027 2292
6322 128
7494 4477
7524 2382
6273 5268
2360 6453
8540 3369
6783 5389
3705 8971
9856 4506
2542 2485
7726 503
7873 8611
194 8883
7056 4966
3730 7560
1312 9216
9469 8578
8388 2033
8777 696
8338 3911
6898 2764
9869 3772
84 6222
7948 1745
4113 5768
2732 6662
9821 8462
8026 1105
944 9408
5137 8809
656 4597
6791 9739
1298 7073
8842 4134
2911 8053
7179 6357
2766 2234
3528 2789
1707 7730
503 8391
2060 8302
4492 1110
1073 9963
715 3871
8637 7158
6609 4823
1 3589
7822 4180
6734 2258
3222 9382
8303 6027
6356 9400
8476 5773
9941 4707
9455 4109
4997 9226
1278 563
1850 6348
5241 6868
6750 83
7547 2456
5720 1083
4910 5250
6527 8198
3605 3852
1150 6191
2247 738
288 1716
3096 7700
1620 8669
1027 2284
6300 6121
7262 3185
6726 1488
5713 6743
9465 9919
7477 8096
3474 2919
5278 8420
6782 155
8172 8623
9017 2191
7399 6339
4899 7958
7934 1308
3747 5922
1997 2062
1100 3302
8732 9242
1228 1264
8497 1599
8612 6982
1434 4283
2 8855
1167 468
8989 2626
9089 3557
4301 948
7113 6811
8179 1871
3163 2732
3641 5961
9646 5690
3778 1175
8988 9411
6275 841
4920 1806
4778 6728
5217 8366
2402 3214
1709 6746
668 638
6127 7510
9424 6557
1299 5163
2602 5189
1667 3223
825 2615
7485 8013
5236 9049
5065 4825
7972 5119
5145 8147
6358 9221
6188 8232
5569 8259
9238 2192
426 8440
762 6213
2417 8806
4229 9553
4516 3696
8090 8758
3409 652
824 5787
4219 9751
3541 5747
2052 8050
3856 9419
3865 4794
6484 1876
7356 3742
5963 7051
2614 9824
4442 5608
6393 4751
7744 558
5682 5173
4796 1628
2898 447
4999 4265
4090 9124
8003 5940
6167 9797
9010 5037
6519 814
8942 1805
1019 628
6464 9858
6240 323
9520 3941
7110 3160
3800 8012
4417 5517
8200 4869
189 1795
4660 907
4451 5049
144 5495
2173 5178
223 8969
9818 3837
9474 5038
3858 8714
2776 4118
2646 5995
7755 2585
1077 4583
8667 967
291 4849
7272 400
6535 8699
2770 9786
6662 9086
2350 2208
5862 8517
2243 8474
2158 1846
1741 4445
4577 9951
8711 6617
8813 5905
257 131
7127 4663
7730 9197
294 6808
2516 9158
2606 6892
9547 1597
471 809
908 3077
7824 2889
9608 63
4246 330
1356 4208
6099 2213
7147 3568
5550 3615
4539 8722
3429 3429
5459 7656
2307 6661
8255 8255
984 1298
8353 4686
8721 3026
6772 4223
4979 8223
3205 1254
2393 9334
1801 2722
3108 3395
6491 9349
5049 2758
694 9716
589 12
1114 6244
1846 7487
3261 4263
8875 4002
247 8230
3373 9398
9144 1818
2083 6054
9034 7445
1270 8620
5233 4685
6762 1974
4170 4175
1858 9301
8550 949
2353 4096
3667 1036
2664 2665
9770 7203
9656 3459
5592 5659
7821 6578
2330 1844
5755 1041
6255 4514
3881 2907
8877 497
3777 9934
9670 9501
2213 9598
1784 341
2976 7983
3569 7240
6121 9703
4740 4714
3552 6584
3696 9365
9964 3701
6931 8140
3895 7451
2465 9539
5095 6071
7486 868
4452 1467
4118 8987
1737 3994
4769 8711
368 4218
6769 586
7831 4047
8908 5298
1160 9363
8346 8159
9621 8596
3482 7600
8004 1996
1441 7531
5383 6367
3449 7522
1761 8962
3178 5120
6889 2356
1753 3065
7942 7270
4859 380
896 2535
2883 2677
4042 2402
9544 1527
9323 1883
2397 1800
115 9292
5812 4503
6613 9906
5880 5925
3793 1767
8281 2481
9376 7796
7292 706
8082 2562
6462 7450
2418 252
1678 2150
9780 1209
2464 2703
604 8539
9753 1457
684 157
9991 1331
3791 1988
1723 4571
4173 5604
6650 7026
7194 1496
4996 8501
8219 9583
2340 2387
7787 9009
6910 441
2792 92
1742 3933
580 4572
7590 5099
2012 7458
77 8253
5518 1462
7788 5181
602 3843
9461 1146
5392 4328
8168 6164
7167 3819
982 3549
5781 8715
5937 2834
3153 8191
2513 1251
9726 6978
2459 6573
2550 4879
2576 1820
7683 8285
3754 1316
509 4402
7955 3592
9190 262
9312 7093
7826 1941
3380 6551
9256 6268
768 9560
6687 8135
5418 5676
2955 5357
8319 6958
8563 4131
4461 2416
8403 3766
7631 9392
739 9325
5667 9641
6134 240
9987 2756
8040 970
7580 7812
9709 2820
6 7404
1922 6305
1353 5552
7109 4792
8538 1696
8630 3165
4312 4303
4316 5272
1956 9691
7906 2770
2843 7853
7818 9600
8676 2584
5381 6086
507 8604
8045 8933
4265 1283
4358 2204
2963 6726
4839 555
6589 5377
3987 3806
3506 5755
1910 4904
6312 1764
6432 2529
3580 1681
4636 8218
729 3447
7886 1332
2390 3704
4120 4960
2947 4671
7264 4520
6236 4368
447 6173
7953 7465
3838 1526
2030 8158
5342 2443
6617 4239
5943 6117
5679 7631
914 1046
5473 8360
6629 8691
911 6208
466 1213
2539 538
4751 7678
1329 4284
8794 6752
5046 2306
4169 8873
2278 7175
1568 7157
1146 8244
9120 8936
8073 8137
5828 2428
5698 2249
2697 4756
9702 3847
977 9874
8296 7743
5721 5411
4315 1650
6738 5963
3372 1549
1558 3674
579 4426
8996 2368
7514 9386
4232 374
9645 2977
2673 5161
9599 5239
9836 7245
7920 8886
7380 3076
5333 3259
554 7821
6485 3964
1791 432
9294 4889
5293 8238
9660 6897
8803 458
6848 1912
1513 6337
6844 4680
7493 8201
5062 4176
9877 166
8522 7718
2919 8543
4682 9612
5535 5321
678 3565
9295 392
4394 4124
9174 1683
7646 5551
1676 7101
1890 5784
6056 8235
999 7398
8416 9399
6030 8927
6221 7569
742 6317
7324 7047
5686 363
1501 7310
7069 5699
5753 4338
8701 8943
8240 4505
3182 5491
5052 1687
6109 8732
8433 8162
7152 2101
20 504
8207 9465
5352 1799
648 8803
5269 1005
488 1236
4091 7061
435 8558
8876 2743
7967 2793
9450 8507
2203 6053
1520 1162
9963 5716
5606 7014
2865 2232
3669 3111
2949 7607
7195 7397
8523 524
1095 3666
2534 8213
7661 1447
3545 4351
3737 9883
522 7938
71 7960
6212 546
5940 8479
2887 3116
2236 6518
7488 913
8598 5352
9857 6623
7657 1290
8486 8476
4980 5881
1121 4804
1060 8605
6153 2057
2704 4214
5006 6272
9929 3129
3285 3088
7876 6010
9085 1596
4507 2686
7760 5640
2027 6562
4898 6665
635 6941
2867 9527
1221 8733
8584 679
1241 7008
47 6295
5748 6909
6318 1486
4645 4828
5351 5080
4779 8077
5348 3031
5917 9820
2033 1932
5709 9860
2500 2182
907 8434
3160 4717
319 2939
5457 4461
2211 3056
2846 9372
9442 3244
1065 3437
97 8836
5730 8968
7344 2097
7248 1868
4304 7939
4863 7570
5601 2307
5299 1891
2656 4421
3788 3093
4924 9041
7533 9627
152 4727
5364 8616
7073 9925
1735 4921
2723 6338
2703 1615
5902 309
9587 5362
1419 6641
6731 8030
3320 2085
7226 4221
9797 5087
61 9913
6409 8055
3067 2250
5563 4687
4787 618
8886 2171
2335 5703
6647 9412
8618 9072
3230 6236
703 626
6651 3048
7978 4152
9252 6598
8634 2400
2938 4403
2618 3243
9169 7977
355 7592
8453 8631
1149 437
3356 172
659 8621
8994 6293
3736 3641
5337 1312
8387 7029
5700 1203
2583 9965
5104 8723
8966 3716
83 7908
4668 8835
8770 685
2306 6135
1745 4860
1926 8957
4144 2276
9224 1824
7902 6522
3911 7315
2446 5731
6052 6456
2773 4240
5989 8069
1614 7012
8820 6087
1383 4708
9590 9467
9276 8999
8159 3800
7487 9423
4340 1866
308 6553
1724 6506
5533 3844
3964 7898
3141 359
9206 5270
1011 2214
7087 1712
760 6759
5519 7621
4128 2414
2061 9387
1176 2253
6403 8112
3703 4313
9533 645
3593 8185
1104 2290
9820 2399
8368 2550
5301 3354
1636 9146
8058 6924
7895 8480
4585 2251
6158 9396
6521 1845
6396 1058
3188 5972
3571 1619
8280 8418
6847 8151
7592 858
3494 4862
6261 2039
7856 5550
5692 4041
4062 8827
6408 4155
9883 6372
1334 7027
3130 417
417 3083
8533 5652
1381 2705
862 753
5304 4083
1998 4460
7379 2759
2667 3256
6299 1256
102 2623
5424 6939
8098 9648
5090 3006
2452 7389
2531 5855
8271 8301
5209 3527
1671 8682
3077 5854
505 5575
4032 6902
2463 2636
6636 3531
6359 4056
8472 9219
8391 879
9592 3463
721 9737
866 207
2315 4565
1805 3377
4989 7327
1040 4006
1704 5269
5650 9632
2311 4182
5876 4872
9876 6003
4475 5959
1646 1630
3746 4232
1279 694
2884 2008
8851 2942
7754 1777
3822 9715
6198 6306
8617 4724
5071 8754
3008 7503
9549 1873
8922 4842
9141 7576
5659 6070
2724 5291
6045 6430
7656 455
3635 3451
6486 2765
3012 6229
8444 993
3567 9690
962 6794
6962 5993
9194 7252
9997 8458
1808 9318
7037 277
5707 9810
6142 2666
3551 8118
7006 1428
7694 2466
7322 5770
7517 253
7169 5327
4327 9819
2912 4091
646 5870
3048 777
4702 510
8712 9273
6290 8751
4491 6786
1206 7359
5028 8880
4998 7339
5594 9237
2003 7491
7448 7290
596 5273
1670 9974
1988 5691
4083 4831
527 9538
4941 4004
1418 3880
9611 2315
7480 9713
8313 665
1774 9825
3414 5092
7117 9503
1316 3886
1583 4753
597 2861
9739 9227
2198 2571
3424 714
6437 6462
1281 2976
6218 225
9639 2118
1212 6287
5378 161
2554 1728
8560 5229
1758 4540
8033 5061
3046 950
40 3801
107 1440
4562 7396
2242 6405
978 9674
1075 9766
6717 3917
8691 9840
7896 9426
7555 3197
1509 2995
7872 7965
3966 5311
5167 3996
3099 1200
1365 1631
7551 7829
4143 9039
2647 1766
6009 7683
785 4945
5073 5792
1803 6681
6559 8113
6594 6009
5765 8403
7061 6265
9008 2679
923 269
1647 6852
4981 9613
8590 2325
425 6156
3083 2588
1008 5713
3129 8655
7571 6200
7862 4482
2992 213
7620 2430
8381 2108
8587 8995
7097 887
5726 4486
3207 5865
8720 5600
7464 1620
3980 3828
7706 6604
3003 6322
3470 5100
6231 7300
7720 5424
4058 7089
5039 3642
35 8899
9313 5836
9345 482
329 4943
2519 275
3717 5526
9257 4656
6480 2384
7849 0
2131 1921
5691 4702
9976 1216
7521 3408
6816 5748
8504 4543
4752 1285
1250 9636
6558 1327
8837 4173
6678 5988
9733 7826
8787 9345
8917 9854
5057 8464
7907 1553
3323 7408
3002 267
2468 2139
7985 9448
8248 3922
1260 1055
270 5501
342 566
7317 742
2140 7266
5203 8390
1738 5369
2109 3725
2144 4626
3177 3241
1795 6985
4984 1651
268 6304
5285 5154
5354 4902
9633 1520
6270 1102
2638 3778
1382 8678
2258 6395
1790 2375
6140 8046
179 4098
6616 4419
4399 8473
1550 5106
6405 6363
5250 4715
9543 2133
2257 6427
4738 1700
2962 848
6985 5031
5181 2264
1205 8248
6936 292
5074 205
7975 7870
5497 435
2026 9952
6811 1276
8819 8246
4881 916
8669 5656
1571 2937
2049 9161
6392 969
5455 3891
2739 3799
4459 5572
9140 1788
3702 452
8113 6677
750 986
8577 2475
1303 7423
1563 5687
3394 2987
5350 6225
7690 9961
437 541
1439 4018
5729 1662
8477 6888
4323 8814
9983 3158
7504 9323
146 2736
8424 3821
6097 1012
1804 9536
190 8594
4642 8465
4348 5473
3089 3159
5249 2693
6057 373
5574 4495
1432 943
594 8535
9266 8840
7513 4560
6945 4400
8223 4279
7125 7056
2784 9844
3126 2700
22 2012
2433 3897
4122 2151
7761 9193
81 3809
4512 3876
6817 3671
5512 2458
7243 2537
1032 2970
9766 7190
9885 4534
5971 3153
6087 6803
6206 5226
441 4414
2435 4235
822 822
5757 9286
9032 8020
3676 4074
9463 9074
5070 712
7423 1474
9483 4274
8475 6555
266 5433
2309 2482
8373 1265
2094 8529
9234 6813
3237 7507
5558 8334
3432 7674
5238 8826
591 4934
3975 6224
6554 3512
7940 2487
7321 2983
5360 5032
3314 6127
6712 2064
2757 4314
728 6595
5523 1197
9665 6067
9957 5974
1664 5484
8781 9192
3988 6284
4716 3479
6702 8495
3434 6517
2733 5471
1876 1961
408 790
7545 2916
2358 3722
8432 1324
8177 4454
5406 1189
5604 1300
4435 1313
3197 3833
5780 8364
318 1720
359 3454
9240 4063
5157 70
2369 2688
3513 8059
9114 1885
5053 4922
7839 5261
2302 5567
6187 2516
213 7831
3633 8267
5346 4881
155 9863
9846 206
7885 5613
685 4025
4262 1598
8629 1689
3559 5009
7358 9267
2902 5477
5119 8651
6136 7390
8653 8231
9228 8407
8012 41
2653 6527
6866 7761
5129 5821
8230 6704
891 305
9464 6826
8804 8475
2502 9708
8379 1557
418 3997
2596 1086
8872 1735
7678 8576
759 9176
6739 9034
7258 5494
1380 3289
4054 9949
8226 2797
3620 5202
6338 3440
3172 6566
2120 5478
7470 4749
2736 9785
2155 1239
7235 8583
1308 4128
2164 3248
6196 2601
4073 3372
9711 4790
4708 3582
4115 5728
2544 4026
6499 7562
2276 1303
9361 8788
2631 244
4271 6419
8564 182
9947 395
1092 9890
3899 8
2489 7920
4213 2448
5309 8466
2056 6479
1137 3971
2400 2832
8398 8328
7777 4422
8901 3623
7573 699
5374 5066
1760 7136
4037 2763
5402 9128
6686 2149
5295 6140
7115 9304
809 2294
4044 2694
6357 8339
5488 7198
3884 3488
1701 5419
9581 7075
9005 1429
9250 9290
557 3947
5858 656
5088 764
6329 7426
3467 3958
2407 8277
3598 6587
4386 7801
1845 7928
9435 3928
7996 7155
7491 2489
8471 5610
7286 6447
869 5970
239 1399
6503 6282
2835 2314
3866 5646
9796 9762
1827 7387
3582 413
614 7441
5024 3802
7927 1400
2259 8347
6932 6275
9269 5147
2108 3700
5661 4938
8222 4639
9552 1654
3361 4088
5605 3300
2701 3743
4695 26
2777 1541
3213 5399
37 833
9367 9425
1552 3658
7963 5139
5637 6252
3023 3363
5636 2766
6152 1038
598 1849
5939 4765
9268 4952
6690 9782
9091 1625
7685 6599
1429 5536
137 9238
2801 9964
8968 1950
9187 3796
7232 3371
3949 3851
6339 5907
1813 8675
254 3034
1223 4536
7958 3929
8020 2768
6301 3071
2674 3120
5761 7905
2995 4378
2232 1832
1764 5595
7628 1165
1772 6386
5458 7880
4243 4029
3601 1029
5462 5722
939 5989
1164 1581
3318 1926
6173 8200
8809 1370
1796 6008
818 2574
8170 3411
6081 5193
740 2235
3962 1861
9232 9473
1151 2624
9666 210
4031 543
12 9865
9145 7797
2842 4674
3081 5949
1982 5039
6894 6082
7814 9914
1630 3930
6549 3748
8142 3528
6373 8343
8106 9172
6201 7115
434 1094
9541 9127
916 6709
3604 4677
8568 1000
6232 3428
2809 5117
8378 8376
6546 639
6814 8082
9712 2896
6293 2582
8511 575
5799 3583
1884 4035
60 5191
5033 6645
1826 973
4572 5880
8530 1655
7068 1152
2691 5648
7510 6375
6761 8805
3057 3508
7990 11
2251 3301
1272 5134
6787 1088
8479 5914
773 7021
9808 2351
8308 114
7904 6633
6156 4524
4108 6816
4175 9220
1029 3215
5451 49
5252 4087
6707 7114
6003 1320
5283 2706
6952 7126
3139 2775
7420 3599
2084 9986
5096 7760
4844 4594
2498 40
4495 9891
2303 5653
6627 8915
5429 2650
5 3558
8246 2813
3691 4154
8229 1964
2440 2014
4714 5316
124 9073
407 4327
9664 9139
6655 4605
6570 8919
8975 4230
1403 1517
5474 9097
4629 7031
4198 3327
7443 9915
4954 9621
2885 4106
7936 215
8285 399
4703 2116
6706 9567
1304 2788
1830 9750
5112 4650
5031 5598
6532 6049
409 2366
9931 5459
2841 5634
1200 9645
3399 8052
2066 9944
8492 7751
934 2000
5386 1664
4743 9821
306 4754
9926 2794
790 5788
887 1246
654 6848
1841 3255
9364 6895
1946 9711
9115 4907
7601 3767
1239 2238
3833 3078
8310 9092
8934 8799
979 7543
6592 4660
2092 7842
1022 2637
2245 7709
9768 3594
7057 7722
5190 4135
1307 2321
7520 4684
6200 5693
274 3416
5973 3253
6189 6556
9223 7098
8867 6720
3218 9625
5045 6023
4819 9287
7758 6560
7679 6426
5262 6446
4123 7228
1028 1206
5432 4199
6163 2107
4730 5360
3220 8229
3712 9185
1395 7639
9678 5456
9713 3060
3375 3962
6544 6867
9607 4787
3201 3224
6857 8067
7499 9559
2099 5227
6090 7314
4774 3271
8464 6597
5923 6097
3843 9910
4671 9314
1361 97
5286 2210
9889 5700
5018 4363
5743 4209
4230 8251
8544 1977
9512 870
6334 8225
6016 4962
3313 9552
7357 3931
2852 8308
3346 8643
8502 5412
4563 1536
94 8779
143 8749
6412 9087
1009 2247
6027 1760
3327 307
3469 5304
7539 7662
9760 1916
5654 1851
5623 597
3658 653
5599 3353
4782 6062
419 1441
8126 9439
5688 2838
7075 5741
5972 6745
9568 2986
9981 2226
82 9836
7158 9657
8411 2949
3597 1357
5086 8952
5689 9647
9786 5325
5388 4246
2826 8194
2379 3284
461 1622
5221 7286
3101 5467
5789 4298
5156 6258
217 9145
9135 1047
5618 7916
1101 1956
2561 9572
6013 3890
5952 65
583 9116
1977 7261
3795 7013
3238 644
5798 4807
863 1118
6267 255
8553 8214
8756 1602
6372 8382
5719 7460
2222 2898
7965 3174
8682 7807
9878 4003
3295 3754
3772 6228
5900 9421
6526 5030
2282 47
9686 6477
197 7541
533 9904
66 5935
744 8513
1443 1039
3849 580
6085 8764
4556 6217
1140 3639
7058 9530
7922 5573
4851 8105
8673 5589
9379 3
9470 7184
9554 8581
9090 2117
8648 7940
2234 9521
4827 5130
9996 9557
3634 7244
3245 8868
1748 3710
7455 4949
6837 9254
7208 976
6851 224
9342 3903
6593 6729
279 5438
8698 7878
2874 3347
4007 8263
8628 6483
9105 2895
5298 9300
1132 4121
6137 8001
1406 3934
2449 2198
1665 7486
1323 7990
7954 6380
5130 6849
4320 6243
5050 7658
6830 7216
1909 4203
5771 1863
3909 6165
1673 2441
9040 7773
938 6612
5121 9959
5892 9699
1190 9752
1450 7345
4717 7334
9673 6254
4857 3213
8984 4436
551 8115
6296 315
2880 444
9501 8098
432 8206
1235 5485
1528 3948
7853 6179
8606 978
3570 6325
6106 5198
5964 9182
5809 167
7296 9853
9209 2842
8957 1913
4595 2648
6622 9239
5944 1957
1877 9169
676 4349
2376 3578
3187 2076
5355 2361
3131 5404
2608 3685
2775 2340
6271 4184
7107 806
4878 3236
2914 1949
1702 7811
5256 9482
6076 6724
7834 8209
4335 9306
420 9866
6804 5017
6362 1717
204 8569
7489 3182
8136 7251
6424 847
4499 2329
3837 624
776 9183
558 3179
1413 5830
9340 6002
3148 9922
925 2647
1245 7241
1799 4288
8728 5562
3961 5488
1305 3811
128 8536
4019 611
7732 6773
4816 1573
2162 6370
7303 5010
3193 6524
8951 9954
2156 9698
8971 9089
6697 3523
164 6263
8150 3425
9046 7476
9825 3331
5766 7685
5869 2437
4462 8437
7314 7488
2939 5107
1967 4836
2345 8746
3084 9403
4517 3621
3256 2223
7196 5553
5796 9781
2845 6379
2339 2298
3942 8701
6130 5556
3383 4664
2188 3218
1408 6257
5103 5158
6939 1406
5968 6089
7903 4332
4168 3954
4450 7736
1313 5199
8262 230
1327 5932
3435 7860
6421 3012
8216 6761
3870 6827
9715 5948
6819 1785
7268 4719
2760 3888
3626 4137
2227 5658
8445 4509
4189 7729
3264 1793
6749 3727
8435 427
5857 1842
8750 3913
332 6860
1547 5844
7052 4801
9302 862
8386 6346
2107 7338
1819 4397
3461 8145
312 2761
1331 1111
4313 2469
5079 8239
4410 8152
6778 1570
38 823
7341 2244
1427 7781
6547 859
3235 1633
9480 7791
1900 5730
1468 8286
1254 5737
3225 8190
1623 5977
4194 692
8802 14
6520 105
474 5954
5838 8994
6021 6408
2833 4735
1854 4942
8567 3893
7168 9770
3725 2678
139 7350
2763 3398
5581 7679
8664 4959
5061 58
7034 5103
4404 8664
1444 3715
8613 1238
9999 5684
7527 4112
2283 1244
8114 7756
485 8153
6907 5481
5491 5563
682 7852
8083 9126
7275 8237
6935 3001
841 243
5438 9113
5444 3464
7019 7116
9751 7719
3709 5028
6367 9721
6906 9179
8810 8679
3047 6345
7051 6861
7665 8028
663 2175
6062 5063
6741 581
9459 4305
1483 6607
6488 9776
4214 7731
5122 1792
2659 6112
9526 6368
8654 6525
203 4355
9933 5137
2349 2493
7889 5569
2086 3403
7126 1640
226 1159
7211 9754
6143 5243
7424 588
7366 408
5976 7167
3627 431
5865 962
7759 805
5631 3586
3521 6470
1368 4992
4684 7686
1063 2286
7977 4463
5038 9160
9894 8468
9286 4533
4828 6990
2266 1242
303 2754
7411 7326
2745 4401
748 9763
4193 442
2876 9084
3724 6201
1918 7086
6260 6680
7214 2060
9790 5532
7231 8965
3770 9626
6247 4888
8727 7
4047 4484
4802 133
3436 8920
6601 8298
620 3633
2822 9811
5161 6301
4913 3332
5626 5242
9478 260
870 150
9793 932
3090 5151
1874 9029
8413 1754
3164 7069
7939 719
3310 8210
2128 9534
3629 7187
6927 232
4770 3861
9462 8487
3011 397
5410 6721
4196 2334
7026 6684
9396 6974
4145 576
7751 9847
1041 7210
519 7374
9759 1704
8507 1184
6858 3355
8748 7150
7172 934
3839 1361
4639 1155
7394 7536
1435 9136
3890 1909
3523 195
9285 5262
5800 9693
325 7594
810 2973
1236 23
121 7899
2316 1335
3297 1753
5389 1765
431 1606
7305 1518
7779 68
1727 3706
720 1194
1883 4932
7725 8789
7325 8410
6065 687
9443 508
8407 7368
1562 2377
6933 8845
9440 1442
187 661
4242 6841
2454 998
3115 6297
5786 4395
6615 9893
1591 845
6886 5434
7183 1013
7103 5290
2224 7262
4458 8584
3191 7202
4472 4375
3364 7249
8092 5685
1074 9417
9761 1702
9336 6323
6863 8430
7259 9229
6429 6425
4117 2124
3889 7468
4861 3104
5965 2374
3345 5089
334 5499
3251 8519
2610 1990
1792 5507
9606 8379
7108 8085
423 126
4236 8626
210 6917
4308 5771
7603 6658
5060 3970
1090 6619
3227 3467
4610 6710
9681 8934
7042 5175
1474 589
725 4441
2285 7060
3813 2664
6944 1731
4330 1025
4342 5705
3309 2350
3157 5059
4446 7988
8926 3795
7970 3509
2291 3277
4454 6095
64 1903
7389 914
1596 3127
2137 2564
4416 6216
4238 1315
6771 4481
7224 4080
2624 4467
7285 8850
8765 1768
513 835
7597 4576
1834 8393
8112 9186
4359 2684
9928 1802
8292 3567
1862 9475
4583 4192
8389 6290
5969 1191
3606 3359
211 4611
5475 6967
5620 4839
4884 4539
5105 9545
1111 8872
5213 657
1594 5776
246 7854
1581 3134
909 6637
8956 9614
2020 9547
936 3000
2492 757
5421 6196
3704 3895
2585 2922
630 450
1689 4322
9354 1555
3615 9351
9625 3524
5135 4661
86 3738
9687 8707
389 9602
2355 4855
2176 5378
8645 9202
2163 1415
2523 9054
2409 9253
4968 4044
7240 398
1754 7095
2521 6457
8878 6579
127 9728
1574 1367
898 1592
8847 4868
3544 5179
3753 8192
1373 2576
9094 1686
80 9659
8923 2436
8566 4370
5855 7726
3797 6155
4289 188
9815 4120
8059 829
7677 7946
561 8262
683 4064
2756 5006
3652 2662
5338 7380
9003 3784
4190 44
2373 893
5220 9438
5909 3499
8032 6365
6323 8959
2546 994
5739 4670
922 4999
6472 2806
3282 2504
1769 7574
8912 6968
316 9435
7306 7552
1728 3148
5778 285
7659 7734
2590 2500
606 7071
5089 6893
6514 2225
4531 7243
6672 3992
8755 8346
1128 6088
1659 1275
9172 5076
2126 6000
692 6072
1320 8762
1979 6695
1208 5947
9684 4944
9813 1769
5385 5045
9097 718
8939 3307
5379 2965
39 4986
8663 7432
2472 5944
9430 1497
2644 7910
7395 1410
2507 4691
8166 1202
1783 3358
5746 2606
6326 1418
5196 7707
2034 6879
1906 7513
4939 938
2681 6766
2047 3983
4310 462
9165 7096
5141 8148
1401 2498
6297 3816
2677 8180
2929 3221
5085 8861
3855 9181
4402 4830
9344 9808
2522 2619
9867 5212
2512 5805
9009 6836
371 1697
599 821
7767 8417
347 9578
6303 3290
2847 8327
8858 3291
5003 5990
7336 2353
686 7530
8014 3707
324 7383
5511 6744
2046 8635
688 5334
4921 5421
3363 2800
7080 6854
7234 3162
9829 8493
230 4494
4172 7238
8953 3450
6320 208
6566 1878
4030 1989
8097 5400
4588 8169
6276 7083
6349 6342
7143 6644
9375 1590
9107 8534
3923 5910
8305 6455
8585 8060
9088 6417
3328 8406
693 2938
6578 6180
9847 6989
2327 416
775 8775
6146 734
2170 445
3720 7370
9762 8142
6310 5364
8899 1548
6006 4658
5415 7256
9632 1093
200 8220
9061 5159
8545 4845
2127 280
8393 7632
7304 6851
5850 2625
4597 7998
1253 4207
8524 9941
2669 2299
873 2857
6284 9862
8666 6046
4167 8362
2165 1693
3459 9685
4877 4090
3922 8947
2223 4978
4900 9628
1651 426
9927 2239
5230 344
9093 6907
8726 2312
3183 4791
2395 1124
7924 813
1042 7340
3487 6701
1159 2320
3270 3379
5125 7774
9035 19
6183 351
3455 6063
4535 8293
7229 6107
9261 4210
5117 2815
8367 9046
4872 2459
7118 8095
8742 8354
2936 5937
4067 483
1456 5837
8038 7715
4709 7682
9617 4340
1986 6668
2038 2058
805 4775
2735 9055
4227 2862
1645 9443
3572 8705
5118 1150
5744 7544
2425 9653
811 9610
5287 4225
4040 1995
9275 5502
9930 1938
8570 6977
8462 6126
8863 8313
8304 1062
7713 8256
9350 8808
7913 9856
8840 5793
3117 2877
8562 3247
5648 9103
7177 2492
9353 3654
9143 4371
2385 7875
5745 579
6496 8335
6361 9931
7735 9669
9771 3299
3867 6313
15 4490
5012 8817
8604 3082
5998 2639
5609 9376
7111 5636
878 8647
3124 1493
4267 2539
5772 4516
7398 2369
1269 2285
2111 2158
1794 7409
7782 198
6669 6105
8987 8658
3657 1834
548 743
2994 2403
9175 8942
6633 5877
9708 3258
1851 4431
7837 1830
7554 4019
1214 8656
8237 4723
7096 6369
2906 7963
3395 9633
3517 5182
6204 1694
6747 5221
5216 7292
278 9597
5562 7744
8243 1386
1759 9339
1517 9431
556 1262
6628 8266
6885 3728
3575 7474
3456 9013
3888 7647
6909 7749
2312 7121
7230 2697
9198 6906
9555 8813
465 5344
2169 8785
4882 6913
569 6021
2032 4710
8694 3210
4732 2663
2342 8900
7627 407
8195 5930
9047 5068
3566 9233
9758 1860
8268 9604
5652 9063
2890 9189
4126 2317
8446 7394
7716 7306
1867 2531
9778 7901
7548 4586
1326 3086
1642 1562
6427 909
7428 1319
2499 6362
6964 2277
4547 1297
7155 7417
349 3011
6605 4472
8830 8652
5055 6193
455 6785
1389 1532
1539 115
9862 816
8335 3735
4825 5077
7995 2483
4339 7207
4082 1330
7465 7942
7084 261
3664 6636
4692 6601
5638 9093
5699 9788
5222 9105
5077 1958
4959 5549
2639 3308
7743 1377
8070 2644
917 820
9178 1790
4634 3118
177 1954
5664 6490
7012 3375
5938 5929
2178 8043
5296 7648
7727 9793
2320 2201
3784 1566
6430 7508
530 3149
8173 4043
9409 8667
7064 8257
8430 7296
8864 8024
8961 578
119 5543
5824 9644
1025 8671
3041 8291
7838 4682
8017 8408
4667 2093
5977 178
8850 6798
7422 1270
311 1192
9020 1004
3728 448
1130 678
4111 5789
875 6646
1134 5314
7434 4808
4433 5939
6468 3019
2533 9587
6871 451
6925 1450
8450 1190
7376 6311
9979 4941
7721 2993
6728 9661
4043 6812
1211 7138
517 3785
7964 8981
2509 4435
1807 4720
5163 163
6160 7127
3910 9753
9636 196
8143 8646
4587 5670
5613 5185
3389 1435
8670 367
5460 2052
7382 4381
9384 8948
5395 7461
4177 5992
7384 9187
1495 4452
4832 1408
4793 9064
2422 2231
3731 9151
7066 9608
5784 3306
6104 7614
1423 5300
4208 5405
2202 7344
448 5315
4374 4427
7497 8321
7472 2168
6344 1147
7445 6326
2200 5058
9851 1376
3587 2658
7615 6113
5082 7162
2267 4082
237 1281
7373 1433
5490 1508
335 1119
5144 8122
3211 9003
9438 2083
4591 9710
3514 6663
7847 9634
8128 5534
7342 4887
7729 9184
2517 1706
9690 4838
1920 3230
3537 1325
7828 2595
29 4374
8037 7113
4840 5110
7890 3791
5649 5430
910 9362
1604 7755
9158 1426
2907 3942
787 9493
9488 1638
3025 5214
7863 7511
7094 6656
5004 8075
4848 1103
1725 4447
550 24
956 9434
7642 551
2598 2641
6011 2215
6820 4387
3912 465
9291 34
9037 7750
8467 6792
3359 6499
4463 3522
4931 109
5268 7479
7197 1605
7785 7549
5521 8265
6947 9879
8778 8106
1054 5809
793 4502
4106 6316
4937 5285
4457 9802
3848 5168
752 6471
8932 3966
4830 5048
6524 8992
6145 2491
549 1070
3957 75
219 9576
5225 4415
3869 5955
9688 7336
2361 3606
1232 6415
9982 1432
2993 9631
7741 3177
9296 147
8722 7168
3577 4115
1020 6614
9585 1946
5207 4574
2010 2502
7060 6309
6891 9374
960 153
2861 322
492 4755
4790 5476
7625 9999
4285 8926
5642 708
1058 3330
3723 2872
4147 9109
8392 6241
9411 2597
4792 5677
8185 7312
6381 9995
3397 9037
3066 735
5411 7329
6321 1045
5695 4439
1930 4425
7043 4623
1087 6732
9998 6420
2281 3070
6436 5904
6999 2138
3524 7102
363 8526
62 1775
4319 8782
6708 2367
6721 8531
6677 6530
1411 1783
443 3073
8898 4730
4651 6242
3610 4222
5051 2738
6426 7364
8605 4446
3224 1537
5484 8555
7392 8505
170 2127
1965 5744
1949 505
1186 406
534 9894
1602 5431
1687 7650
8741 2631
3015 7379
3573 1090
3370 2836
3143 1307
6149 6152
2858 130
5308 1579
3043 1778
3532 7078
8488 1071
2298 9834
5464 3266
9674 3264
5340 9799
5816 7227
4282 5104
4724 5795
5887 6972
7438 5632
858 4742
2718 8988
7602 7606
9431 4352
902 7843
9180 7079
6319 2513
6580 8937
7563 8351
867 4950
6531 670
588 2617
1551 1507
4251 8756
6714 9918
2187 4024
345 3066
8199 5782
5711 3117
5918 5259
41 7032
6530 7646
5645 5638
8490 7558
1973 1014
7711 2950
1613 5135
9960 2263
4333 2888
244 1052
3892 6642
3142 7819
7503 3574
2855 8165
9511 8186
7444 4353
1129 6328
5806 3141
2953 3274
1712 8294
7701 3689
4626 1736
8109 5027
9284 9436
7816 9360
9159 1750
5336 7723
280 7298
4003 8051
4853 2546
4071 3059
5677 7438
1925 792
1853 7499
7426 1652
6382 882
2937 2128
169 5891
9321 4683
4871 4068
8675 8227
5578 6767
5752 1422
6001 8208
6502 5466
9208 8345
2734 6678
9123 5012
1096 3535
3533 8654
1064 3329
4277 746
4791 608
3621 4224
981 1646
1201 6660
1314 3679
8118 1715
1349 6157
1297 1691
7525 8245
9717 5413
2270 2267
4283 9194
5741 1660
5224 6214
7337 6376
8759 7846
2666 8737
8187 6679
3076 5453
1181 5374
2788 4434
6172 4196
8576 2952
9628 9518
6002 9333
6478 7817
4371 5463
8668 2790
9705 1049
3341 51
9934 2189
763 604
2875 8299
6621 6819
32 3007
3555 7856
784 9926
2405 6581
7137 5449
5822 7173
1669 2471
3151 8641
2623 6951
5008 3944
8986 7176
539 7180
7612 4698
8686 1130
7326 6577
6879 2237
7575 690
9765 3097
6419 189
4949 8189
2868 3053
5335 9140
3184 8928
7784 6755
1438 3878
6337 6672
9333 1074
3150 3737
5722 9006
3255 1636
2568 760
1839 1922
2364 7820
6992 5651
9939 5863
1713 3335
3349 5297
7150 5848
5412 8759
7216 7596
4876 7148
7841 5313
9864 9989
2945 430
8054 9466
243 1185
3438 2438
9334 984
9445 5282
6223 2757
5076 774
2629 1168
6394 4510
7648 1148
2009 3094
4870 7691
7035 9546
8108 9823
8260 6145
1974 9850
1360 4473
1786 9065
4393 3741
6748 5051
8428 1578
5660 6439
9444 4464
9332 5422
3789 1864
6545 9178
4852 8815
4606 2972
8483 2282
4762 7970
5928 2721
2793 2142
5205 779
9521 3859
8836 9580
4049 8577
6751 491
2591 4189
2609 8353
4392 4153
7600 1663
9205 4200
864 15
3757 1413
1256 8322
3651 9122
1472 5439
7997 2506
821 8778
1426 2591
8244 2563
6168 3995
8862 8731
2565 1987
3170 9019
4761 6653
8763 1210
2482 728
5835 2199
6068 4673
2471 3143
3648 8685
5871 1742
3990 3632
7537 2452
116 3575
8265 4032
2294 3227
2634 6996
4589 143
7892 7034
1242 5982
3715 3234
430 5393
3483 1819
843 2676
5727 310
847 2409
1275 4579
7185 7644
5321 1629
3719 3142
8096 498
1770 3432
6643 9805
6447 5121
8075 3736
1585 8514
9273 727
7536 5238
8016 8076
1195 2876
8715 7717
1220 3822
9597 3881
3913 8121
7013 4344
6069 6596
9707 8300
7273 4657
7237 3015
3499 682
9468 590
4432 6163
3287 1250
1345 7565
786 6832
4157 8908
9289 6890
3811 2709
3353 7673
7865 239
3836 2827
6120 4930
440 1902
3181 8323
832 5187
6111 5441
7281 1925
8558 8780
3617 5603
2613 5141
6961 9470
3650 1342
1882 7520
4506 1097
9860 1334
5502 7580
8771 283
496 3660
4558 9340
225 4161
6354 2962
9447 282
1477 2863
2238 6735
8495 2672
9830 3394
1421 3406
6194 5520
6355 9445
2857 9507
7476 4291
2381 863
3192 3856
4000 570
9173 899
4836 5201
1588 3915
4809 7617
298 6844
4862 6818
6986 3726
4275 6184
3677 3849
7830 5857
1490 1973
3253 8309
9966 9790
1124 8103
8633 6738
4409 1380
797 2994
879 1260
8395 5513
697 695
9429 1624
8782 8866
8559 8973
2979 915
9048 6412
4368 7603
6675 2018
3681 3050
8307 8016
7269 1092
5063 2422
1465 953
6017 3010
4200 4688
5363 6360
5842 372
3113 8264
3485 7392
975 5510
2789 335
6663 844
52 9215
8798 4745
1266 9147
5517 9826
2314 3782
1693 2748
9695 2946
6903 1431
4849 6096
2529 660
4155 3758
5043 4097
4259 4591
1390 1904
2548 3902
8697 7567
9844 1284
3751 6366
3834 4219
3501 4789
9899 5454
9692 3612
9126 9735
2524 7313
4343 1865
5056 8419
7763 7134
7469 4577
6598 9822
1478 146
1078 7787
2702 1843
8297 4613
1133 7022
7747 1608
2578 9066
1010 1461
3816 7677
3279 8422
1706 1358
4174 5007
8227 8448
9622 8287
9251 6976
486 3323
4992 5889
7180 3402
8747 3338
1916 4875
7708 2059
68 187
8571 1673
4017 4622
4659 1343
1420 2728
6620 4607
9245 7373
9242 485
2982 9446
369 8601
8499 336
7622 6606
3622 6822
1103 4975
1321 4493
1599 2180
2925 1528
7956 77
6209 7443
3619 5245
722 985
6974 646
2487 8314
4478 9142
9872 5878
7949 7087
9744 5593
1945 9956
3586 2635
2891 2410
6730 6124
3017 375
5946 5875
6887 4275
422 4519
3056 401
4822 667
4860 617
1354 2735
3690 1582
6079 5976
6805 8634
4605 6111
5934 5455
4527 3151
3162 7551
108 4278
3257 6449
4072 5351
5801 8026
8967 641
1396 7002
6513 6548
8945 9875
7512 5807
2680 234
5731 2559
3967 8414
4669 2795
3863 4778
4154 5263
4254 1135
315 8093
8332 8280
6071 4712
647 102
8894 3252
5240 8021
5983 5257
9546 8330
1989 2730
5716 9738
8744 4398
6821 7720
8060 7431
3680 449
3242 8087
1575 2195
7159 2936
5704 5380
4644 5306
6098 4517
4278 7953
2923 3420
3252 6707
774 4796
2881 3830
1169 999
2643 490
1412 1939
5532 9814
2096 1966
4985 2020
2304 6448
4718 4392
4048 411
4632 8649
5890 3972
5358 3892
6292 9245
2920 3334
9473 3275
1780 7745
5021 9191
7595 6837
3527 9099
3534 8139
948 6458
398 6639
2382 32
5191 169
8887 2528
2412 8638
98 6148
3407 3803
3994 8727
9110 5278
7121 2326
2067 4320
6696 2248
6833 3965
2150 5111
2564 5073
1849 6146
9924 3217
7442 6349
1476 5592
156 4318
2645 2640
7038 2337
8175 1079
5393 1292
515 3276
2146 5960
585 2501
6971 9447
3404 1176
2768 8819
3939 2333
733 7411
4693 1002
6420 7356
7294 7124
9203 4483
4957 4448
8723 8810
5486 5255
4646 1448
7645 9522
6074 6925
5441 3551
2611 6459
4187 7857
8132 118
3999 8319
1110 4974
2863 274
4580 7835
4095 8874
3004 2604
6989 6775
9082 9488
7383 2499
9757 521
4522 9453
3935 2344
7288 4914
2589 688
1782 313
147 7143
9500 8745
5790 1248
5493 5587
6845 4122
6864 1855
9961 8009
4711 1576
1351 6717
2805 8283
4928 8902
1608 112
5373 3703
5274 10
9811 2025
9095 5828
9248 1345
7105 7208
5702 2406
5553 3152
1944 9772
4994 2680
675 6700
2951 6591
6417 6740
9142 1512
1506 91
2972 745
3978 655
1340 4138
173 3365
1705 7281
6328 76
9036 9429
1165 6335
6250 3115
1875 3494
1681 1291
7983 7104
607 4226
6590 222
3547 4190
8451 1208
2913 4266
9029 2929
4197 6856
1498 53
3891 5083
4192 4853
4758 4802
3599 5118
7139 4916
7067 514
3539 4407
6465 5372
4439 6497
9823 2920
7401 173
4917 4325
8708 8428
7287 5978
7381 4668
9382 7991
4183 910
4697 2105
8919 4416
8461 9953
1868 7894
1330 5
1153 1395
8366 7444
7293 1981
4146 8672
3021 1466
9647 4566
9368 5678
9567 5082
1600 2371
8376 2143
4656 7128
5715 6975
2380 4590
7715 6777
1898 4236
405 5697
6327 8598
2946 9040
2001 366
3301 8089
4614 1167
2679 8066
2493 5090
6946 5735
6862 2145
2023 5669
511 8168
1721 8680
6540 9261
9642 3572
5029 2689
7251 6901
2219 6212
267 2505
3075 3491
7770 3434
1512 7361
9183 4609
5359 8606
2802 6
3068 1255
5454 3367
6637 5760
5136 7824
4125 6340
6404 2240
6973 917
7028 7943
2910 1455
7129 8665
7654 1028
4159 318
8217 6931
7884 9675
8839 5578
2916 8950
5320 4570
1570 3014
7823 8637
5948 7185
383 7814
286 6502
8431 56
3928 6262
1530 4818
5612 5036
566 6514
7969 8996
5607 936
1276 5363
8671 9517
880 7798
9871 6354
3683 5474
7260 7725
2893 501
4505 3884
1261 4620
8897 3339
632 5973
2537 2545
3875 1789
7011 6132
9282 2573
9315 6884
2582 297
5284 5962
2915 811
1928 869
2079 6858
5013 1698
6657 5983
652 300
1319 5138
1107 1725
1247 9385
9092 3191
5282 370
3749 2259
8354 5609
1224 4316
5954 3552
5827 7253
4493 2316
7140 3458
1038 2318
4643 7619
2475 6980
1376 4606
2477 9519
1043 9203
3033 454
8871 9615
8140 443
9479 3961
7848 59
3244 6929
2587 7044
2882 2445
2984 1569
3738 3590
3352 8303
3035 8600
6812 7602
6182 1746
2744 8455
7624 8824
9416 2699
7542 8726
2488 8252
4360 9217
2268 8838
7253 6883
8910 9313
6533 1893
6331 9018
592 3237
1963 4777
932 9004
5317 493
4955 5607
1463 8333
7461 5402
2815 9350
7187 8459
4008 5866
8394 9450
6815 8538
2002 7993
7632 1770
9749 9746
732 8946
3166 2865
5561 425
7082 3140
3133 5026
8982 4718
7104 9108
9188 4903
7556 883
8184 7763
6262 6232
3721 689
2926 5074
2866 8713
2668 3677
9100 3988
6266 5140
8760 6461
5930 6374
264 1525
8311 4692
2036 8961
7136 7586
3463 3389
4318 1141
8734 4198
5849 7563
2343 1374
7687 8372
8746 7172
6082 1870
6648 8989
6441 4880
7803 171
716 8716
949 9606
9071 2065
6112 295
442 8497
8702 9137
8328 1559
976 8979
1516 3867
5445 9616
9724 1414
6500 334
9663 3067
3625 237
731 2844
4829 25
477 9815
9534 4834
7878 7024
2344 9256
6124 8955
8592 3769
1891 783
1229 6512
3630 1494
6823 5003
514 6959
1198 1940
5951 1740
7193 1019
9756 3325
6511 2869
481 6667
801 1558
6603 1658
7419 134
9704 9533
1446 8917
1842 786
1788 6381
1514 8509
6238 8520
767 2959
5244 8488
4141 7402
1515 1705
4608 2167
131 9575
980 9903
3332 9316
2676 9159
2714 4229
289 389
3707 5264
5738 6108
9454 8064
7947 396
1954 9509
489 1854
7266 6500
3206 9976
1726 2462
1496 2957
1912 8563
7280 9270
9799 5235
4272 8668
4511 6215
9365 8895
8419 287
9458 2630
1639 5097
3841 3561
1731 2147
8549 4171
72 6081
5009 3765
8306 357
9307 8918
2725 7419
2778 3282
4406 9942
9156 8124
73 6299
450 2859
542 3591
9658 9720
8279 2216
5863 4259
5994 1089
3464 7867
506 4928
5508 5917
9875 2652
1787 9704
559 1023
7244 2701
8015 5688
9420 8923
7557 6650
2392 4913
8414 1881
1335 2892
4188 6035
4212 1763
8985 1923
4889 1998
839 7816
444 1187
1888 4059
6425 4271
3053 572
3578 9384
8482 2634
8796 7527
8107 9889
7974 6572
6138 8564
5270 4181
6126 1035
9618 6686
9671 4508
1806 8438
9492 2886
941 6505
4029 1482
5232 327
708 5869
8623 2036
2545 4567
9679 5794
92 4430
3518 3058
2261 3967
5428 8954
4489 7246
8758 2129
9385 7808
5290 8445
9891 3618
913 9684
8980 6169
7692 612
2601 8885
4011 4649
4204 1157
6563 6024
9408 5537
2800 7229
4537 1634
3579 5779
3037 4776
8127 7406
255 1084
2398 5247
2799 3481
8157 658
7278 8561
5034 9272
23 9494
5899 3744
4902 3055
2490 7626
3443 9389
6215 2874
6466 362
8764 3901
3679 8892
3944 5926
691 8107
3794 6942
6679 9033
3260 6377
9508 8101
7560 8003
6888 8386
8465 539
4812 1373
4956 5902
5993 3507
2998 104
445 1430
3810 7226
5583 6558
6711 4541
4821 3254
2103 6800
1085 5426
1964 8164
5384 2943
9700 8032
3417 6519
9314 5951
5059 4160
5540 2557
5316 3955
245 4310
6205 6093
5020 1484
885 7211
4191 876
8706 9078
8683 1057
1822 1249
888 5928
7165 8120
6289 386
2372 9756
9843 5143
7798 3932
3426 6058
8977 778
9904 6466
5825 5576
8252 165
7496 6066
751 7823
240 7676
5083 3676
4184 2335
9539 2823
6495 4094
4940 4767
4395 3069
2709 9171
8636 4936
7374 6699
7825 8627
8415 3697
8099 1032
8854 4231
6884 8790
1213 8748
9627 1567
5629 2211
7085 5480
1716 749
338 1924
7984 246
379 8956
5955 4385
7766 4585
6983 2063
4865 4065
3072 4983
2973 6877
3198 6919
1203 4465
6422 1813
5323 2021
6084 3413
9729 8270
8036 9322
3981 7233
4731 6073
7257 3478
3431 4935
3280 9588
575 4078
2839 803
1386 3925
3769 6513
9972 9144
653 9201
4150 2084
2693 1499
528 2762
8007 7980
228 7028
153 4308
3600 8183
5811 7293
5487 946
8954 5574
5919 6930
905 7413
3216 923
7509 6594
4367 971
2006 601
8294 7099
9129 183
1880 7235
3814 1708
3234 9067
3020 7324
6956 7194
665 6098
2683 7141
6840 1279
8336 6638
470 3630
610 9607
5962 3107
7245 1739
577 7153
2183 1551
9764 878
5565 2871
5168 2928
9602 2042
9389 3456
8409 9373
771 7597
7871 8496
4540 8156
1619 3443
3450 9946
3847 4554
4305 6091
4627 7665
2068 6820
1364 921
8848 7961
4379 3718
9912 2755
1227 8533
1367 7830
4650 1007
6505 8398
4350 3585
4041 856
1039 2017
616 2714
6037 6772
4256 7790
5593 8614
8552 8516
8969 8603
8333 3669
9527 6276
6618 4918
1767 2370
2428 1667
2394 7045
3505 6278
5912 5715
5325 1617
2633 6915
55 1776
8193 6609
5480 901
7310 8305
1372 594
9879 7477
8512 138
8696 5333
564 7309
6034 9468
5516 2998
5440 5803
9594 851
235 9082
605 5043
8655 6753
9834 553
6406 1787
6801 1583
5914 8463
1079 3868
4551 6106
2447 1997
5198 5228
4990 7815
6993 52
285 145
7817 9857
804 7023
7710 4529
5770 3381
4389 9593
6461 1796
4936 4587
8384 6715
9222 8478
1507 4764
6492 1522
9096 6814
9084 9832
705 5900
9155 9702
4678 7554
2419 1726
2896 4245
724 7697
9561 8591
848 5047
5587 8704
1056 2642
5893 5822
3812 381
3228 1479
5907 4480
6304 9479
8351 1438
3112 3269
8224 8460
9589 7470
9016 5165
7238 732
6924 7506
698 2154
9591 3415
1540 2454
3989 8295
5509 3400
6454 654
3511 9032
8002 5584
734 2331
7437 7521
260 7778
3058 9153
2123 3455
1601 2525
8093 1034
4456 9293
9652 6399
6900 2509
4484 2468
6724 3239
3819 5984
8238 9649
2748 3779
617 4294
4385 1066
3779 1218
7897 5067
9706 3863
3302 3187
9950 2891
59 3378
8609 3146
2194 4550
6288 9407
3476 6576
1991 4206
6501 3730
9946 4634
8261 1838
9638 8970
4028 3712
7131 5643
1843 5129
1692 4309
2168 5088
2619 2850
8990 1072
853 7862
954 3875
4176 8141
9288 8388
8958 1942
1688 7132
9848 1113
358 6209
7593 5312
3421 176
9571 9125
9007 3646
1451 9771
4780 7046
8062 2607
5697 6787
2356 9520
4879 4304
3688 1195
2921 5694
9406 4159
6507 5222
3316 4469
4680 4012
8790 4734
6253 8547
3952 4919
1215 894
2116 216
2252 9672
6836 7193
6268 7401
6641 9761
9108 3238
942 3845
2508 3990
1264 5195
1352 6689
3208 9812
6411 1613
7544 434
2280 890
8678 2476
9750 1121
3250 1368
9859 8551
3219 668
3701 615
8974 6017
2134 7365
2441 5683
220 5265
7663 9180
4573 3695
9133 3448
5723 763
4133 2218
4178 693
4234 6620
2338 8985
5506 6261
5906 837
1370 3352
8745 4092
4579 5746
4250 995
2481 2009
5898 8587
4561 46
8116 6763
3288 7971
6374 5356
6479 2137
2746 9258
6842 625
8218 1323
7351 6605
5215 7265
2182 7833
2731 7670
6808 7806
4555 6101
7641 9348
9833 7475
9822 180
199 5094
8597 6194
8494 7642
9264 2301
7846 5383
1549 3348
1469 1934
6340 2183
792 1985
1951 9430
7617 3471
6523 1129
4061 5410
1265 1774
8258 5733
3116 8891
8448 7080
662 5724
3861 1346
7002 7822
3553 3755
8406 7765
353 6829
6155 9332
2877 865
2636 5224
1246 2668
3918 5490
5611 523
8900 6973
2603 266
6929 4269
4087 7267
87 8492
6402 2691
3741 3085
6497 8524
7609 1575
307 4885
4171 8860
1732 4561
8595 7437
2527 5555
2547 3554
4726 9935
8225 968
6177 4179
7516 8755
2997 630
1222 4549
429 571
1785 6382
6793 6161
6162 7436
195 9723
2455 4547
2051 952
4365 4866
7999 9329
1972 5232
6534 6769
7218 6122
9377 8607
3174 3756
8071 564
6054 1091
7719 9586
7558 5665
8679 6350
5391 6137
5498 1829
4069 57
1633 609
3732 6271
9467 4906
2862 9749
6278 3473
3427 3534
9936 7271
354 4212
1990 8657
5586 9052
7986 5850
2821 4892
8405 3328
1859 4747
5595 6223
918 4653
2365 3016
8503 5460
3900 43
7225 9284
5590 4744
4815 772
5877 9665
6165 3536
6798 7242
7124 6022
912 7223
4153 2655
5673 1506
6920 8829
5139 3910
664 5786
1907 8444
2599 2934
5860 2260
1729 7762
3929 1364
4016 9968
7764 6332
5839 9204
8738 4428
5837 8457
8324 4330
2286 5148
1820 6734
689 6669
9 5116
612 9837
7712 1182
9042 2497
872 3216
7569 9525
6654 299
6691 5921
9574 7997
4523 7620
8807 9668
7077 8951
497 7931
7528 7291
1657 7891
9213 1219
2172 5366
158 4920
134 762
4838 7429
9310 4255
9216 9298
9995 3322
6646 4627
7204 8061
6254 2711
2549 7933
2617 160
4789 3813
5981 2330
5496 8978
7931 5382
3543 6029
2325 3526
1218 812
9493 7504
2166 1501
7298 8525
5048 2984
498 7125
8312 3724
5949 286
1131 8556
6119 7011
1699 1122
6607 9053
2065 9747
7753 2915
4288 6520
8685 8689
4438 9695
4102 1530
327 9635
4497 8911
7120 7954
3522 9274
3941 8825
2869 4861
1800 1396
8331 7146
883 7464
2181 7225
8992 6474
3594 9437
4933 7110
6451 7834
6860 4803
7791 3860
8646 6358
1492 9068
6638 1880
4441 124
2062 5564
5773 602
1838 6314
5272 7097
8441 7273
130 6882
8936 5841
5387 1707
9989 1627
3965 5479
6095 4319
6542 7427
2277 1580
1283 2262
510 9909
5927 9849
815 6928
8677 9622
4412 680
4078 5098
5194 8912
4914 9639
8905 9036
1504 5194
1267 6580
8791 1269
9623 4348
2347 4722
4109 2144
1857 1574
2284 5279
5685 5155
5404 5216
1993 8846
378 8830
6214 84
8493 565
9292 405
5588 1390
4590 4819
3678 522
1385 9544
3608 5416
9380 2830
328 6903
69 9971
5368 5132
6918 7947
5044 9535
9407 3426
3267 1263
3706 8832
1902 8610
8946 2767
819 513
1442 5230
3686 8485
4201 2302
2295 6547
2095 3102
1939 6136
5407 3103
9227 2357
8089 7526
5166 7091
3492 7884
2212 4733
8658 6914
5341 1899
8256 4636
9132 7322
2448 5732
8761 1743
7391 5856
2968 1178
2886 6331
5544 7525
3959 5661
7709 8730
6024 223
8171 6397
3512 7171
8049 4147
4375 6809
5010 6742
7866 6050
4584 3609
4426 898
6779 5912
2438 3664
8345 2953
8729 1701
957 1451
6680 1378
3199 1919
4199 2110
2133 9722
9050 5811
6744 8972
9635 6698
4429 6246
9789 8693
8323 203
3744 64
1650 5079
4912 9515
7213 2814
8856 5156
924 9469
9475 4443
5683 4105
140 3376
1685 7623
9531 9010
5522 4000
3516 4292
8068 8617
4728 8653
8793 2864
6825 4512
4220 9418
8531 2710
2738 5815
3296 1906
6330 5798
2443 3194
1733 4339
7851 9806
1903 6119
6440 5923
8158 6442
8320 2773
4820 7234
7328 6790
2028 2621
6385 9928
1428 3444
3509 5706
781 8608
9073 3295
2933 2126
4567 4093
4347 5188
1943 8441
6875 481
1690 9225
770 1609
5680 66
6912 9741
8757 3570
3576 5204
833 1085
7007 2870
1460 2908
49 2421
3070 6443
6539 9508
1621 7182
7860 7888
2551 4863
4148 371
1691 7858
428 6782
3755 5091
2451 3657
3377 9152
2121 8331
9564 1661
1497 7900
6965 4432
6584 7372
8050 7832
3530 5505
9550 9656
5503 9388
7102 1306
4483 2945
6893 2013
4706 209
9902 7064
9236 519
6765 9896
4704 2854
2082 96
6025 2311
4263 4915
2819 769
297 3909
2429 888
6802 1960
2370 2880
5808 794
7925 1814
1908 4136
7473 5934
6364 2038
5513 3865
7887 5145
6105 8963
4455 2818
7608 9757
4405 2821
6281 7428
78 2296
1475 2548
9629 828
300 2520
4612 789
6588 7534
6895 1220
6035 9070
593 3176
6949 4643
157 740
4140 5903
2670 4558
2299 2674
7277 2140
9814 1822
2145 6445
4946 6561
7414 8907
5042 8588
6689 110
8484 1755
8880 4780
6740 6043
8611 2774
4628 4599
8896 9581
5170 3530
9893 6593
4958 9406
1966 3613
8860 9885
90 5872
4904 573
3109 7131
104 5825
7511 8590
5764 935
9150 6006
6972 2380
8356 3747
6614 6953
1251 3991
7980 7412
8426 9155
6237 8966
8716 3228
135 3665
3299 3923
6673 9444
4203 808
1191 2580
7899 7376
3093 2379
8920 423
6015 8690
7408 50
6970 1106
9722 5041
8087 1077
9775 603
3603 3203
4648 8976
7973 3516
9727 7092
357 9899
7079 939
9316 4350
2840 1267
3561 896
1192 3759
1286 5355
8624 6563
1094 7701
4287 1612
3347 6356
1752 6004
4353 3655
8940 7041
1625 2744
820 6178
6735 3317
9850 4164
1847 7973
2185 1986
3623 7284
4098 674
2430 6933
476 5542
2749 8048
8315 2992
8718 942
5577 1371
7611 866
5036 2319
6595 5323
6064 1417
5924 9780
9118 8131
9122 6186
4127 4113
8063 5353
8580 537
798 715
2204 6886
9887 3105
1280 4654
6234 9744
5966 7149
7440 5248
7859 1626
4581 8636
7402 6404
1127 3108
5366 7094
5334 2338
5195 2526
2437 798
1996 1228
8620 842
141 7181
8209 3046
8521 7038
5329 3150
4467 1149
5777 6467
5223 3186
4887 7294
6841 7353
5138 2750
8743 3041
4923 4600
713 4023
1062 7325
2070 5898
5658 1621
6709 2227
1595 6450
5312 7864
8537 4158
6377 2518
6067 8854
3276 2599
2572 744
4773 6167
495 6307
8775 135
8520 2690
8581 3645
7350 5883
2125 9240
1715 7758
7883 3211
6407 1951
8344 4901
9553 16
9235 4843
9573 7106
8236 8906
4020 1183
6960 6153
1541 271
4976 6383
1919 6103
6228 9676
4264 3138
2130 8222
5131 2614
4276 4366
952 7732
6295 3349
560 2486
4945 3887
1405 369
5331 4399
4096 17
1480 298
4423 3475
8593 7129
403 2173
7308 7076
6474 1322
2100 7297
7263 7883
543 598
8707 697
2074 4569
657 6238
5123 9541
1626 9842
6066 3198
8210 2695
7686 507
8402 1826
1494 6422
865 6507
735 8769
7014 8273
3331 2354
961 7307
2474 2048
1582 8134
9529 974
4121 5303
1184 1080
4376 7688
1148 3787
6948 7935
8788 2720
3266 3155
8816 8879
6760 2095
8960 8662
5787 9987
9204 2547
8555 8242
9179 6289
7020 6330
5728 2875
2871 2061
986 6203
4021 2446
3982 9724
4257 6943
4390 8467
5403 4696
6384 4095
7332 3968
3144 8750
4575 3670
2135 2465
8186 3672
452 2752
3114 3209
1491 836
7086 2427
1924 8276
4482 2166
701 5253
2112 89
8600 3030
996 2022
8797 9401
581 1120
236 9002
9944 9211
7583 7941
1302 9281
2129 4821
4164 8953
6217 9164
935 818
8889 3807
2378 3804
6345 9686
248 8111
499 5953
2494 364
2622 4762
6552 4632
3209 2241
4705 8127
6277 5618
5235 8849
7870 9252
85 5852
252 4466
757 650
1291 2272
3503 7742
1817 6842
8131 1751
5408 5169
4225 5218
7400 3832
3471 825
6383 2846
8962 2028
7578 9463
4647 308
3862 6414
3796 3682
9911 7930
6191 4217
7369 7556
9487 2968
3821 8683
9305 3607
3638 7629
1560 3438
2829 3553
9419 2715
4498 2271
5610 9778
9401 6329
8659 5804
8101 6013
568 476
9970 1282
381 6250
906 3483
736 1668
3059 214
1637 3740
9767 5938
5265 6231
6504 1887
3729 6521
1743 2103
1117 8663
5005 5668
3378 4783
1897 2798
3940 6615
6565 4055
5075 2045
5916 6266
7220 3068
2262 2955
2271 2405
2662 326
8627 4252
7526 2243
4292 4953
2427 1115
7267 5432
2713 6460
1188 4593
3111 6352
9322 9280
4070 7480
7074 1040
5186 5577
6596 5514
500 1675
4001 4286
4239 7660
3642 8090
5400 7595
4252 8011
7923 7186
2823 5657
6548 3121
9192 4555
6431 6687
3802 211
5830 2291
4419 1444
9113 9500
4864 1369
2761 2921
814 7635
9136 263
8380 1607
7666 2040
6032 1936
8572 9464
1226 9843
1123 7979
4408 9076
5471 6855
3886 3790
3403 2066
8652 2935
3422 5172
4987 473
4518 5423
6585 6722
1524 7528
2648 9440
8309 6793
2689 9302
323 518
7249 8857
1097 3382
5819 3351
1142 3136
6923 2717
1615 2810
8360 8935
4437 8385
743 8461
8361 8852
7653 5617
2779 5816
9742 2396
4249 3637
7570 3541
2491 8483
4975 8794
9481 9990
6736 5205
4334 5964
5725 7813
165 7239
1202 1337
9572 8863
4427 2610
9819 9011
2557 6104
6668 2713
340 8126
4765 1362
4057 9393
8072 9395
1109 6237
5505 5223
6639 9353
6977 4531
6376 5055
57 5624
8621 3668
5888 8553
3233 4009
8699 6175
7362 8207
2790 8670
5002 4545
6700 4174
8469 9045
7562 4883
3258 7917
8371 9630
4548 9336
63 8358
9124 648
3340 2819
6265 2096
6185 7085
1852 7337
8065 3981
9362 8975
5560 4281
6543 3057
8835 737
4993 7637
5737 5487
7365 1639
7246 3139
2029 5446
13 3074
5303 107
8657 8097
5846 7855
8241 7634
7162 6114
5099 3869
9381 6823
6123 7588
8198 5541
1231 5831
2237 9199
9951 7609
8933 4177
216 8167
9327 2417
9456 517
395 8058
1771 7655
4653 8377
3355 80
6279 9727
9347 9970
3423 9356
1995 6910
6880 2811
8041 3826
5848 827
8935 1
2752 3545
7313 2742
4110 1810
5097 5057
4476 788
3284 5888
8885 1980
2431 2833
4665 3080
2832 3096
3385 9235
4266 376
3968 9930
504 2883
344 4287
7188 8853
8656 2825
9945 9023
65 6828
9164 350
6207 4993
4066 1711
4549 9107
4841 402
1934 281
6688 3092
8749 1875
7065 7199
1952 5894
3473 8602
7994 3164
9580 200
7178 8341
5332 1403
2699 7259
6508 1647
7092 5469
6264 9420
3948 2477
7291 4857
1343 4262
2279 8344
1371 1397
4383 2184
1655 1412
4180 6210
1481 2397
8588 6371
666 257
9680 1572
2700 7613
8438 7740
6291 9905
5701 2122
9913 2300
8110 6256
854 817
9330 8296
9782 9167
6991 2153
4105 3294
2552 2274
2888 2034
6180 37
9359 5445
8420 2613
2019 3626
1392 2094
7614 8940
2706 4107
6088 5933
9049 9512
4908 2791
4894 6044
5108 6303
3339 5407
8382 3310
2612 6032
6040 7696
8383 4618
1172 7295
789 9212
3595 1144
4509 6041
9181 9285
5520 2783
6754 6270
3687 9591
7845 3286
8111 4331
5127 8795
3905 9830
3698 7994
7181 5635
8206 1011
5197 1585
8662 4584
2909 6749
122 7969
7962 1905
3826 8166
1462 4588
2820 4260
6571 236
9241 599
6517 9516
4536 6401
4245 8348
2269 4017
2050 4382
2265 3840
9503 5759
5815 3986
1021 2113
309 5451
9348 1485
6826 3745
399 5986
7959 8510
4226 1491
9779 1589
5548 5330
6483 1067
178 7351
7427 659
8815 6120
7199 1816
8869 3525
4099 377
8999 8515
7047 5799
7318 9047
1055 7489
4138 9279
4051 2856
795 2786
2586 7166
8806 5998
7088 3571
4897 6979
2918 8648
3365 7453
9059 7347
5178 7640
520 276
8937 4323
2321 7636
3387 7989
2069 6643
4808 7708
8427 4927
1751 9881
5007 4342
5239 3485
2318 3684
2450 79
2942 5581
2838 4642
8343 3829
1263 7020
5375 2275
8215 3537
9615 5275
2526 6283
7681 992
8081 895
5884 5897
4764 1059
162 5176
9956 2450
1230 328
1161 1309
9915 9654
9731 4149
1185 5414
6582 6621
3993 6543
333 8910
3607 4848
4015 8260
1508 7466
9619 9638
8916 7557
1653 8216
5477 698
4027 6012
4961 6664
9486 9945
5189 480
3060 9901
5361 4616
672 6475
5026 2254
6397 8897
3726 2102
5552 5386
9410 9779
1482 3399
7338 5125
1464 3731
4600 8281
1333 7523
5905 8582
4036 2541
3263 5843
5035 9100
3405 9472
8873 5274
3001 6821
4244 8568
5829 4899
7682 9327
9669 1568
3525 3907
4097 4141
1824 2309
7468 8983
5199 3441
1051 1465
1031 5093
6529 4125
5132 5631
6410 9663
7370 3017
5246 9397
9697 227
172 1898
446 3391
649 2310
9977 3529
3401 3373
1640 7978
5152 7809
7815 6491
4151 5752
9014 5785
4817 5975
8895 1709
6197 1637
7128 6498
1684 6541
2604 9415
3955 1427
2742 6219
7387 4525
1893 7084
2654 3661
6897 9165
9614 7400
3926 7403
3078 7625
655 5568
1885 1212
6775 6806
1502 466
9855 3681
202 7582
4845 3318
749 4655
1765 1692
4541 5000
7500 8744
1872 4157
8753 1674
9247 461
4842 1841
5978 7420
4370 2740
1339 4640
9272 3260
3665 9383
9015 9694
9351 5797
1255 3862
6193 7825
9624 9967
1879 5231
5585 1382
2048 7039
2413 1229
6229 3605
1199 5266
6661 627
641 8063
5254 7159
1708 9223
9030 3316
9502 1299
2217 1171
8008 4052
3853 9016
4771 4204
1866 3827
5575 2608
5551 8801
6031 2313
9861 6061
8288 9818
5443 9563
4391 9851
3489 2947
8818 3602
2728 5919
2780 9871
2179 1632
1387 3045
661 3504
1070 8412
3844 2988
8724 8178
7938 1031
8754 6962
9901 6296
8972 7382
6213 7057
1579 6092
4366 6960
3490 3357
7032 1762
5555 7137
2214 6406
9229 532
5369 314
3290 9917
2571 7800
296 2447
4609 85
6591 5639
5330 8284
281 7587
8188 4937
8259 819
4850 8776
6390 6038
1710 9342
8066 6177
3180 4037
9689 3600
7093 4211
9394 2392
3371 9246
1622 7794
5684 6327
3283 5277
6192 5284
613 2100
8337 9531
2810 9075
7550 4811
9343 1163
3565 6378
9676 8367
621 2069
9186 4911
138 791
2136 81
4134 7196
9255 7848
9955 5332
2592 3546
4880 3225
5084 9460
1252 7352
1158 3122
5019 6176
777 1468
3475 9880
2059 4390
4892 8986
963 9057
6984 5287
5263 5749
9434 3231
6470 6131
502 4984
8583 9405
3656 5884
7386 3099
8463 5219
3614 8340
8924 168
6990 4528
8295 3587
7301 7447
2625 1227
578 3734
2399 5823
6509 6758
292 4321
3692 6955
341 5367
7072 5682
3425 4535
8357 2090
4152 1540
1781 3219
4233 3608
3080 1024
6896 6019
5625 5864
6333 9432
5111 9218
387 6830
1870 3128
7762 3518
8134 1261
5275 2517
7449 7288
4824 6631
4471 306
2754 4067
8640 2837
4181 1791
2615 258
2743 6965
1138 422
4756 7666
5643 284
3024 4750
1793 6310
4401 584
4088 5427
4607 4312
238 9988
7421 5428
273 9861
1363 2279
1154 3659
531 3431
4182 9803
9028 388
1500 4197
2961 7799
9575 8932
9023 3324
2903 6613
3761 94
458 7501
9828 635
7506 6957
5425 484
8849 4979
8822 1471
25 3200
5670 4991
6789 3028
5845 6570
7945 6123
6773 6666
8269 6626
3274 955
9083 1266
9338 4132
5975 136
7882 9864
919 9827
6981 8070
3366 9912
9197 5708
8498 6192
2117 6496
8396 7591
6286 202
93 3436
8978 7502
4411 6452
7522 2840
5788 3492
9466 1278
5633 606
8417 5936
6626 5295
3803 4568
8983 5565
8841 2656
3268 3112
201 4202
3718 3470
8228 3916
2762 5664
2791 6079
6448 9859
9472 5112
9718 1970
5054 824
712 8161
7689 4689
484 595
8023 1424
6070 722
6443 1918
8535 2985
2682 4341
1768 7490
8330 6624
7191 4042
1416 5482
6139 8424
8991 765
6014 3422
2834 2054
6788 4053
6623 8079
3977 9268
7868 2824
565 3457
9650 3022
6444 5331
8278 3797
8181 3054
9626 8941
4655 7879
4970 5680
3110 562
8318 2851
9969 8991
8205 8944
5450 4143
1980 8494
4856 154
3045 9570
1638 2523
9116 8720
6818 2141
352 529
4747 2114
7530 8404
3584 2165
3782 4610
5663 9230
3818 9495
9058 7545
8123 6847
7174 8579
3632 4116
8644 9923
475 3690
6915 9573
3548 3835
6245 7711
150 2605
8870 3906
416 4786
365 6469
501 7624
5200 2159
1674 861
9685 9872
3748 2043
4363 922
7297 6481
34 6649
9952 2161
7090 174
6386 4995
464 1888
7993 3921
1537 1234
3439 1226
6219 4713
7737 2439
7364 3566
8117 3998
1931 5409
4179 8893
1033 9209
9325 2809
2201 6750
